0000002
0000003
0000004
0000005
0000006
0000007
0000009
0000010
0000011
0000012
0000013
0000014
0000015
0000016
0000017
0000018
0000019
0000020
0000021
0000022
0000023
0000024
0000025
0000026
0000029
0000030
0000031
0000032
0000033
0000035
0000036
0000037
0000038
0000039
0000040
0000041
0000042
0000043
0000044
0000045
0000046
0000047
0000048
0000049
0000050
0000051
0000052
0000053
0000054
0000055
0000056
0000057
0000058
0000059
0000060
0000061
0000062
0000063
0000064
0000065
0000066
0000067
0000068
0000069
0000070
0000071
0000072
0000073
0000074
0000075
0000076
0000077
0000078
0000079
0000080
0000081
0000082
0000083
0000084
0000085
0000086
0000087
0000088
0000089
0000090
0000091
0000092
0000093
0000094
0000095
0000100
0000101
0000102
0000103
0000104
0000105
0000106
0000107
0000108
0000109
0000110
0000111
0000112
0000113
0000114
0000115
0000116
0000117
0000118
0000119
0000120
0000121
0000122
0000123
0000124
0000125
0000126
0000127
0000128
0000130
0000144
0000151
0000152
0000153
0000154
0000155
0000156
0000157
0000158
0000159
0000160
0000161
0000162
0000163
0000164
0000165
0000166
0000167
0000168
0000170
0000171
0000172
0000173
0000174
0000175
0000176
0000177
0000178
0000179
0000180
0000199
0000200
0000201
0000202
0000203
0000204
0000205
0000206
0000207
0000208
0000209
0000210
0000211
0000212
0000218
0000219
0000220
0000221
0000301
0000303
0000304
0000305
0000307
0000309
0000310
0000311
0000312
0000313
0000314
0000315
0000316
0000317
0000319
0000320
0000323
0000325
0000326
0000328
0000329
0000331
0000332
0000333
0000341
0000344
0000345
0000346
0000347
0000348
0000349
0000351
0000353
0000355
0000358
0000359
0000360
0000361
0000362
0000363
0000364
0000365
0000366
0000368
0000369
0000370
0000371
0000372
0000373
0000375
0000376
0000377
0000378
0000379
0000380
0000381
0000382
0000383
0000385
0000387
0000388
0000389
0000390
0000391
0000392
0000395
0000396
0000397
0000398
0000399
0000400
0000401
0000402
0000403
0000407
0000408
0000409
0000410
0000411
0000412
0000414
0000415
0000416
0000418
0000420
0000423
0000424
0000426
0000427
0000428
0000429
0000430
0000431
0000432
0000433
0000434
0000435
0000437
0000438
0000439
0000440
0000442
0000443
0000444
0000445
0000446
0000449
0000450
0000451
0000453
0000454
0000456
0000457
0000458
0000459
0000460
0000461
0000462
0000463
0000464
0000466
0000467
0000468
0000470
0000471
0000472
0000473
0000474
0000475
0000476
0000477
0000478
0000479
0000480
0000481
0000482
0000483
0000484
0000485
0000486
0000487
0000488
0000489
0000490
0000491
0000569
0000642
0000711
0000908
0000910
0000911
0000912
0000913
0000914
0000915
0000916
0000917
0000918
0000919
0000920
0000921
0000922
0000923
0000924
0000925
0000926
0000927
0000928
0000929
0000930
0000931
0000932
0000933
0000934
0000935
0000936
0000937
0000939
0000941
0000942
0000943
0000944
0000945
0000946
0000947
0000948
0000949
0000950
0000951
0000952
0000953
0000954
0000955
0000956
0000957
0000958
0000959
0000960
0000961
0000962
0000963
0000964
0000965
0000966
0000967
0000968
0000969
0000970
0000971
0000972
0000973
0000974
0000975
0000976
0000977
0000978
0000979
0000980
0000981
0000982
0000983
0000984
0000985
0000987
0000988
0000989
0000990
0000991
0000992
0000993
0000994
0000995
0000996
0000997
0000998
0000999
0001000
0001001
0001002
0001003
0001004
0001005
0001006
0001007
0001008
0001009
0001010
0001011
0001012
0001013
0001014
0001015
0001016
0001017
0001018
0001019
0001020
0001021
0001022
0001023
0001024
0001025
0001026
0001027
0001028
0001029
0001030
0001031
0001032
0001033
0001034
0001035
0001037
0001038
0001040
0001041
0001042
0001043
0001044
0001045
0001046
0001047
0001048
0001049
0001050
0001051
0001052
0001053
0001054
0001055
0001056
0001057
0001058
0001059
0001062
0001063
0001064
0001065
0001066
0001067
0001068
0001069
0001070
0001071
0001072
0001073
0001074
0001075
0001076
0001077
0001078
0001079
0001080
0001081
0001082
0001083
0001084
0001085
0001086
0001087
0001088
0001089
0001090
0001091
0001092
0001093
0001094
0001095
0001096
0001097
0001098
0001099
0001100
0001101
0001102
0001103
0001104
0001105
0001106
0001107
0001108
0001109
0001110
0001111
0001112
0001113
0001114
0001115
0001116
0001117
0001118
0001119
0001120
0001121
0001122
0001123
0001125
0001126
0001127
0001128
0001129
0001130
0001131
0001132
0001133
0001134
0001135
0001136
0001137
0001138
0001139
0001140
0001141
0001142
0001143
0001144
0001145
0001146
0001148
0001149
0001150
0001151
0001152
0001153
0001154
0001155
0001156
0001157
0001158
0001159
0001160
0001161
0001162
0001163
0001164
0001165
0001166
0001167
0001168
0001169
0001170
0001171
0001172
0001173
0001174
0001175
0001176
0001177
0001178
0001179
0001180
0001181
0001182
0001183
0001184
0001185
0001186
0001187
0001188
0001189
0001190
0001191
0001192
0001193
0001194
0001195
0001196
0001197
0001198
0001199
0001200
0001201
0001202
0001203
0001204
0001205
0001206
0001207
0001208
0001209
0001210
0001211
0001212
0001213
0001214
0001215
0001216
0001217
0001218
0001219
0001220
0001221
0001222
0001223
0001224
0001225
0001226
0001227
0001228
0001229
0001230
0001231
0001232
0001233
0001234
0001235
0001236
0001237
0001238
0001239
0001240
0001241
0001242
0001243
0001244
0001245
0001246
0001247
0001248
0001249
0001250
0001251
0001252
0001253
0001254
0001255
0001256
0001257
0001258
0001259
0001260
0001261
0001262
0001263
0001264
0001265
0001266
0001267
0001268
0001269
0001270
0001271
0001272
0001273
0001274
0001275
0001276
0001277
0001278
0001279
0001280
0001281
0001282
0001283
0001284
0001285
0001286
0001287
0001288
0001289
0001290
0001291
0001292
0001293
0001294
0001295
0001296
0001297
0001298
0001299
0001300
0001301
0001302
0001303
0001304
0001305
0001306
0001307
0001308
0001309
0001310
0001311
0001312
0001313
0001314
0001315
0001316
0001317
0001318
0001319
0001320
0001321
0001322
0001323
0001324
0001325
0001326
0001327
0001328
0001329
0001330
0001331
0001332
0001333
0001334
0001335
0001336
0001337
0001338
0001339
0001340
0001341
0001342
0001343
0001344
0001345
0001346
0001347
0001348
0001349
0001350
0001351
0001352
0001353
0001354
0001355
0001356
0001357
0001358
0001359
0001360
0001361
0001362
0001363
0001364
0001365
0001366
0001367
0001368
0001369
0001370
0001371
0001372
0001373
0001374
0001375
0001376
0001377
0001378
0001379
0001380
0001381
0001382
0001383
0001384
0001385
0001386
0001387
0001388
0001389
0001390
0001391
0001392
0001393
0001394
0001395
0001396
0001397
0001398
0001399
0001400
0001401
0001402
0001403
0001404
0001405
0001406
0001407
0001408
0001409
0001410
0001411
0001412
0001413
0001414
0001415
0001416
0001417
0001418
0001419
0001420
0001421
0001422
0001423
0001424
0001425
0001426
0001427
0001428
0001429
0001430
0001431
0001432
0001433
0001434
0001435
0001436
0001437
0001438
0001439
0001440
0001441
0001442
0001443
0001444
0001445
0001446
0001447
0001448
0001449
0001450
0001451
0001452
0001453
0001454
0001455
0001456
0001457
0001458
0001459
0001460
0001461
0001463
0001464
0001465
0001466
0001467
0001468
0001469
0001470
0001471
0001472
0001473
0001474
0001475
0001476
0001477
0001478
0001479
0001480
0001481
0001482
0001483
0001484
0001485
0001486
0001487
0001488
0001489
0001490
0001491
0001492
0001493
0001494
0001495
0001496
0001497
0001498
0001499
0001500
0001501
0001502
0001503
0001504
0001505
0001506
0001507
0001508
0001509
0001510
0001511
0001512
0001513
0001514
0001515
0001516
0001517
0001518
0001519
0001520
0001521
0001522
0001523
0001524
0001525
0001526
0001527
0001528
0001529
0001530
0001531
0001532
0001533
0001534
0001535
0001536
0001537
0001538
0001539
0001540
0001541
0001542
0001543
0001544
0001545
0001546
0001547
0001548
0001549
0001550
0001551
0001552
0001553
0001554
0001555
0001556
0001557
0001558
0001559
0001560
0001561
0001562
0001563
0001564
0001565
0001566
0001567
0001568
0001569
0001570
0001571
0001572
0001573
0001574
0001575
0001576
0001577
0001578
0001579
0001580
0001581
0001582
0001583
0001584
0001585
0001586
0001587
0001588
0001589
0001590
0001591
0001592
0001593
0001594
0001595
0001596
0001597
0001598
0001599
0001600
0001601
0001602
0001603
0001604
0001605
0001606
0001607
0001608
0001609
0001610
0001611
0001612
0001613
0001614
0001615
0001616
0001617
0001618
0001619
0001620
0001621
0001622
0001623
0001624
0001625
0001626
0001627
0001628
0001629
0001630
0001631
0001632
0001633
0001634
0001635
0001636
0001637
0001638
0001639
0001640
0001641
0001642
0001643
0001644
0001645
0001646
0001647
0001648
0001649
0001650
0001651
0001652
0001653
0001654
0001655
0001656
0001657
0001658
0001659
0001660
0001661
0001662
0001663
0001664
0001665
0001666
0001667
0001668
0001669
0001670
0001671
0001672
0001673
0001674
0001675
0001676
0001677
0001678
0001679
0001680
0001681
0001682
0001683
0001684
0001685
0001686
0001687
0001688
0001689
0001690
0001691
0001692
0001693
0001694
0001695
0001697
0001698
0001699
0001700
0001701
0001702
0001703
0001704
0001705
0001706
0001707
0001708
0001709
0001710
0001711
0001712
0001713
0001714
0001715
0001716
0001717
0001718
0001719
0001720
0001721
0001722
0001723
0001724
0001725
0001726
0001727
0001728
0001729
0001730
0001731
0001732
0001733
0001734
0001735
0001736
0001737
0001738
0001739
0001740
0001741
0001742
0001743
0001744
0001745
0001746
0001747
0001748
0001749
0001750
0001751
0001752
0001753
0001754
0001755
0001756
0001757
0001758
0001759
0001760
0001761
0001762
0001763
0001764
0001765
0001766
0001767
0001768
0001769
0001770
0001771
0001772
0001773
0001774
0001775
0001776
0001777
0001778
0001779
0001780
0001781
0001782
0001783
0001784
0001785
0001786
0001787
0001788
0001789
0001790
0001791
0001792
0001793
0001794
0001795
0001796
0001797
0001798
0001799
0001800
0001801
0001802
0001803
0001804
0001805
0001806
0001807
0001808
0001809
0001810
0001811
0001812
0001813
0001814
0001815
0001816
0001817
0001818
0001819
0001820
0001821
0001822
0001823
0001824
0001825
0001826
0001827
0001828
0001829
0001830
0001831
0001832
0001833
0001834
0001835
0001836
0001837
0001838
0001839
0001840
0001841
0001842
0001843
0001844
0001845
0001846
0001847
0001848
0001849
0001850
0001851
0001852
0001853
0001854
0001855
0001856
0001857
0001858
0001859
0001860
0001861
0001862
0001863
0001864
0001865
0001866
0001867
0001868
0001869
0001870
0001871
0001872
0001873
0001874
0001875
0001876
0001877
0001878
0001879
0001880
0001881
0001882
0001883
0001884
0001885
0001886
0001887
0001888
0001889
0001890
0001891
0001892
0001893
0001894
0001895
0001896
0001897
0001898
0001899
0001900
0001901
0001902
0001903
0001904
0001905
0001906
0001907
0001908
0001909
0001910
0001911
0001912
0001913
0001914
0001915
0001916
0001917
0001918
0001919
0001920
0001921
0001922
0001923
0001924
0001925
0001926
0001927
0001928
0001929
0001930
0001931
0001932
0001933
0001934
0001935
0001936
0001937
0001938
0001939
0001940
0001941
0001942
0001943
0001944
0001945
0001946
0001947
0001948
0001949
0001950
0001951
0001952
0001953
0001954
0001955
0001956
0001957
0001958
0001959
0001960
0001961
0001962
0001963
0001964
0001965
0001966
0001967
0001968
0001969
0001970
0001971
0001972
0001974
0001975
0001976
0001977
0001978
0001979
0001980
0001981
0001982
0001983
0001984
0001985
0001986
0001987
0001988
0001989
0001990
0001991
0001992
0001993
0001994
0001995
0001996
0001997
0001998
0001999
0002000
0002001
0002002
0002003
0002004
0002005
0002006
0002007
0002008
0002009
0002010
0002011
0002012
0002013
0002014
0002015
0002016
0002017
0002018
0002019
0002020
0002021
0002022
0002023
0002024
0002025
0002026
0002027
0002028
0002029
0002030
0002031
0002032
0002033
0002034
0002035
0002036
0002037
0002038
0002039
0002040
0002041
0002042
0002043
0002044
0002045
0002046
0002047
0002048
0002049
0002050
0002051
0002052
0002053
0002054
0002055
0002056
0002057
0002058
0002059
0002060
0002061
0002062
0002063
0002064
0002065
0002066
0002067
0002068
0002069
0002070
0002071
0002072
0002073
0002074
0002075
0002076
0002077
0002078
0002079
0002080
0002081
0002082
0002083
0002084
0002085
0002086
0002087
0002088
0002089
0002090
0002091
0002092
0002093
0002094
0002095
0002097
0002098
0002099
0002100
0002101
0002102
0002103
0002104
0002105
0002106
0002107
0002108
0002109
0002110
0002111
0002112
0002113
0002114
0002115
0002116
0002118
0002119
0002120
0002122
0002123
0002124
0002125
0002126
0002127
0002128
0002129
0002130
0002131
0002132
0002133
0002134
0002135
0002136
0002137
0002138
0002139
0002140
0002141
0002142
0002143
0002144
0002145
0002146
0002147
0002148
0002149
0002150
0002151
0002152
0002153
0002154
0002155
0002156
0002157
0002158
0002159
0002160
0002161
0002162
0002163
0002164
0002165
0002166
0002167
0002168
0002169
0002170
0002171
0002172
0002173
0002174
0002175
0002176
0002177
0002178
0002179
0002180
0002181
0002182
0002183
0002184
0002185
0002186
0002187
0002188
0002189
0002190
0002191
0002192
0002193
0002194
0002195
0002196
0002197
0002198
0002199
0002200
0002201
0002202
0002203
0002204
0002205
0002206
0002207
0002208
0002209
0002210
0002211
0002212
0002213
0002214
0002215
0002216
0002217
0002218
0002219
0002221
0002222
0002223
0002224
0002225
0002226
0002227
0002228
0002229
0002230
0002231
0002232
0002233
0002234
0002235
0002236
0002237
0002238
0002239
0002240
0002241
0002242
0002243
0002244
0002245
0002246
0002247
0002248
0002249
0002250
0002251
0002252
0002254
0002255
0002256
0002257
0002258
0002259
0002260
0002261
0002262
0002263
0002264
0002265
0002266
0002267
0002268
0002269
0002270
0002271
0002272
0002273
0002274
0002275
0002276
0002277
0002278
0002279
0002280
0002281
0002282
0002283
0002284
0002285
0002286
0002287
0002288
0002289
0002290
0002291
0002292
0002293
0002294
0002295
0002296
0002297
0002298
0002299
0002300
0002301
0002302
0002303
0002304
0002305
0002306
0002307
0002308
0002309
0002310
0002311
0002313
0002314
0002315
0002316
0002317
0002318
0002319
0002320
0002321
0002322
0002323
0002324
0002325
0002326
0002327
0002328
0002329
0002330
0002331
0002333
0002334
0002335
0002336
0002337
0002338
0002339
0002340
0002341
0002342
0002343
0002345
0002346
0002347
0002348
0002349
0002350
0002351
0002352
0002353
0002354
0002355
0002356
0002357
0002358
0002359
0002360
0002361
0002362
0002363
0002364
0002365
0002366
0002367
0002368
0002369
0002370
0002371
0002372
0002373
0002374
0002375
0002376
0002377
0002378
0002379
0002380
0002381
0002382
0002383
0002384
0002385
0002386
0002387
0002389
0002390
0002391
0002392
0002393
0002394
0002395
0002396
0002397
0002398
0002399
0002400
0002401
0002402
0002403
0002404
0002405
0002406
0002407
0002408
0002409
0002410
0002411
0002412
0002413
0002414
0002415
0002416
0002417
0002418
0002419
0002420
0002421
0002422
0002423
0002424
0002425
0002426
0002427
0002428
0002429
0002430
0002431
0002432
0002433
0002434
0002435
0002436
0002437
0002438
0002439
0002440
0002441
0002442
0002443
0002444
0002445
0002446
0002447
0002448
0002450
0002451
0002453
0002454
0002455
0002456
0002457
0002458
0002459
0002460
0002461
0002462
0002463
0002464
0002465
0002466
0002467
0002468
0002469
0002470
0002471
0002472
0002473
0002474
0002475
0002476
0002477
0002478
0002479
0002480
0002481
0002482
0002483
0002484
0002485
0002486
0002487
0002488
0002489
0002490
0002491
0002492
0002493
0002494
0002495
0002496
0002497
0002498
0002499
0002500
0002501
0002502
0002503
0002504
0002505
0002506
0002507
0002508
0002509
0002510
0002511
0002512
0002513
0002514
0002515
0002516
0002517
0002518
0002519
0002520
0002521
0002522
0002523
0002524
0002525
0002526
0002527
0002528
0002529
0002530
0002531
0002532
0002533
0002534
0002535
0002536
0002537
0002538
0002539
0002540
0002541
0002542
0002543
0002544
0002545
0002546
0002547
0002548
0002549
0002550
0002551
0002552
0002553
0002554
0002555
0002556
0002557
0002558
0002559
0002560
0002561
0002562
0002563
0002564
0002565
0002566
0002567
0002568
0002569
0002570
0002571
0002572
0002573
0002574
0002575
0002576
0002577
0002578
0002579
0002580
0002581
0002582
0002583
0002584
0002585
0002586
0002587
0002588
0002589
0002590
0002591
0002592
0002593
0002594
0002595
0002596
0002597
0002598
0002599
0002600
0002601
0002602
0002603
0002604
0002605
0002606
0002607
0002608
0002609
0002610
0002611
0002612
0002613
0002614
0002615
0002616
0002617
0002618
0002619
0002620
0002621
0002622
0002623
0002624
0002625
0002626
0002627
0002628
0002629
0002630
0002631
0002632
0002633
0002634
0002635
0002636
0002637
0002638
0002639
0002640
0002641
0002642
0002643
0002644
0002645
0002646
0002647
0002648
0002649
0002650
0002651
0002652
0002653
0002654
0002655
0002656
0002657
0002658
0002659
0002660
0002661
0002662
0002663
0002664
0002665
0002666
0002667
0002668
0002669
0002670
0002671
0002672
0002673
0002675
0002676
0002677
0002678
0002679
0002680
0002681
0002682
0002683
0002684
0002685
0002686
0002687
0002688
0002689
0002690
0002691
0002692
0002693
0002694
0002695
0002696
0002697
0002698
0002699
0002700
0002701
0002702
0002703
0002704
0002705
0002706
0002707
0002708
0002709
0002710
0002711
0002712
0002713
0002714
0002715
0002716
0002717
0002718
0002719
0002720
0002721
0002722
0002723
0002724
0002726
0002727
0002728
0002729
0002730
0002731
0002732
0002733
0002734
0002735
0002736
0002737
0002738
0002739
0002740
0002741
0002742
0002743
0002744
0002745
0002746
0002747
0002748
0002749
0002750
0002751
0002752
0002753
0002754
0002755
0002756
0002757
0002758
0002759
0002760
0002761
0002762
0002763
0002764
0002765
0002766
0002767
0002768
0002769
0002770
0002771
0002772
0002773
0002774
0002775
0002776
0002777
0002778
0002779
0002780
0002781
0002782
0002783
0002784
0002785
0002786
0002787
0002788
0002789
0002790
0002791
0002792
0002793
0002794
0002795
0002796
0002797
0002798
0002799
0002800
0002801
0002802
0002803
0002804
0002805
0002806
0002807
0002808
0002809
0002810
0002811
0002812
0002813
0002814
0002815
0002816
0002817
0002818
0002819
0002820
0002822
0002823
0002824
0002825
0002826
0002827
0002828
0002829
0002830
0002831
0002832
0002833
0002834
0002835
0002836
0002837
0002838
0002839
0002840
0002841
0002842
0002843
0002844
0002845
0002846
0002847
0002848
0002849
0002850
0002851
0002852
0002853
0002854
0002855
0002856
0002857
0002858
0002859
0002860
0002861
0002862
0002863
0002864
0002865
0002866
0002867
0002868
0002869
0002870
0002871
0002872
0002873
0002874
0002875
0002876
0002877
0002879
0002880
0002881
0002882
0002883
0002884
0002885
0002886
0002887
0002888
0002889
0002890
0002891
0002892
0002893
0002894
0002895
0002896
0002897
0002898
0002899
0002900
0002901
0002902
0002903
0002904
0002905
0002906
0002907
0002908
0002909
0002910
0002911
0002912
0002913
0002914
0002915
0002916
0002917
0002918
0002919
0002920
0002921
0002922
0002923
0002924
0002925
0002926
0002928
0002929
0002930
0002931
0002932
0002933
0002934
0002935
0002936
0002937
0002938
0002939
0002940
0002941
0002942
0002943
0002944
0002945
0002946
0002947
0002948
0002949
0002950
0002951
0002952
0002953
0002954
0002955
0002956
0002957
0002958
0002959
0002960
0002961
0002962
0002963
0002964
0002965
0002966
0002967
0002968
0002969
0002970
0002971
0002972
0002973
0002974
0002975
0002976
0002977
0002978
0002979
0002980
0002981
0002982
0002983
0002984
0002985
0002986
0002987
0002988
0002989
0002990
0002991
0002992
0002993
0002995
0002996
0002997
0002998
0002999
0003000
0003001
0003002
0003003
0003004
0003005
0003006
0003007
0003008
0003009
0003010
0003011
0003012
0003013
0003015
0003016
0003017
0003018
0003019
0003020
0003021
0003022
0003023
0003024
0003025
0003026
0003027
0003028
0003029
0003030
0003031
0003033
0003034
0003035
0003036
0003037
0003038
0003039
0003040
0003041
0003043
0003044
0003045
0003046
0003047
0003048
0003049
0003050
0003051
0003052
0003053
0003054
0003055
0003056
0003057
0003058
0003059
0003060
0003061
0003062
0003063
0003064
0003065
0003066
0003067
0003068
0003069
0003070
0003071
0003072
0003073
0003074
0003075
0003076
0003077
0003078
0003079
0003080
0003081
0003082
0003083
0003084
0003085
0003086
0003087
0003088
0003089
0003090
0003091
0003092
0003093
0003094
0003095
0003096
0003097
0003098
0003099
0003100
0003101
0003102
0003103
0003104
0003105
0003106
0003107
0003108
0003109
0003110
0003111
0003112
0003113
0003114
0003115
0003116
0003117
0003118
0003119
0003120
0003121
0003122
0003123
0003124
0003125
0003126
0003127
0003128
0003129
0003130
0003131
0003132
0003133
0003134
0003135
0003136
0003137
0003138
0003139
0003140
0003141
0003142
0003143
0003144
0003145
0003146
0003147
0003148
0003149
0003150
0003151
0003152
0003153
0003154
0003155
0003156
0003157
0003158
0003159
0003160
0003161
0003162
0003163
0003164
0003165
0003166
0003167
0003168
0003169
0003170
0003171
0003172
0003173
0003174
0003175
0003176
0003177
0003178
0003179
0003180
0003181
0003182
0003183
0003184
0003185
0003186
0003187
0003188
0003189
0003190
0003191
0003192
0003193
0003194
0003195
0003196
0003197
0003198
0003199
0003200
0003201
0003202
0003203
0003204
0003205
0003206
0003207
0003209
0003210
0003211
0003212
0003214
0003215
0003216
0003217
0003218
0003219
0003220
0003221
0003222
0003224
0003228
0003229
0003230
0003231
0003232
0003233
0003234
0003235
0003236
0003238
0003239
0003240
0003241
0003242
0003243
0003244
0003246
0003247
0003248
0003249
0003250
0003251
0003252
0003253
0003254
0003255
0003256
0003257
0003258
0003259
0003260
0003261
0003262
0003264
0003265
0003266
0003267
0003268
0003269
0003273
0003274
0003276
0003277
0003278
0003279
0003280
0003281
0003282
0003283
0003284
0003285
0003286
0003287
0003288
0003289
0003290
0003291
0003292
0003294
0003295
0003296
0003297
0003298
0003299
0003300
0003301
0003302
0003303
0003304
0003306
0003307
0003308
0003309
0003310
0003311
0003312
0003314
0003315
0003316
0003317
0003318
0003319
0003320
0003321
0003322
0003323
0003324
0003325
0003326
0003327
0003328
0003329
0003330
0003331
0003332
0003333
0003334
0003335
0003336
0003337
0003338
0003339
0003340
0003341
0003342
0003343
0003346
0003350
0003351
0003352
0003353
0003354
0003355
0003356
0003357
0003358
0003359
0003360
0003361
0003362
0003363
0003364
0003365
0003366
0003367
0003368
0003369
0003371
0003372
0003373
0003374
0003378
0003379
0003380
0003381
0003382
0003383
0003384
0003385
0003386
0003387
0003388
0003389
0003390
0003393
0003394
0003395
0003396
0003397
0003398
0003403
0003404
0003405
0003406
0003407
0003408
0003409
0003410
0003412
0003413
0003414
0003415
0003416
0003417
0003418
0003419
0003420
0003421
0003422
0003424
0003425
0003426
0003427
0003428
0003429
0003430
0003431
0003432
0003433
0003434
0003435
0003436
0003437
0003438
0003439
0003440
0003441
0003442
0003443
0003444
0003445
0003446
0003447
0003448
0003449
0003450
0003451
0003452
0003453
0003454
0003455
0003456
0003457
0003458
0003459
0003460
0003461
0003462
0003463
0003464
0003465
0003466
0003467
0003468
0003469
0003470
0003471
0003472
0003473
0003474
0003475
0003476
0003477
0003478
0003479
0003480
0003481
0003482
0003483
0003484
0003485
0003486
0003487
0003488
0003489
0003490
0003492
0003493
0003494
0003495
0003496
0003497
0003498
0003499
0003500
0003501
0003502
0003503
0003504
0003505
0003506
0003507
0003508
0003509
0003510
0003511
0003512
0003513
0003514
0003515
0003516
0003517
0003518
0003519
0003520
0003521
0003522
0003523
0003524
0003526
0003527
0003528
0003529
0003530
0003531
0003532
0003533
0003534
0003535
0003536
0003537
0003538
0003539
0003540
0003541
0003542
0003543
0003544
0003545
0003546
0003547
0003548
0003549
0003550
0003551
0003552
0003553
0003554
0003555
0003556
0003557
0003558
0003559
0003560
0003561
0003562
0003563
0003564
0003565
0003566
0003567
0003568
0003569
0003570
0003571
0003572
0003573
0003574
0003575
0003576
0003577
0003578
0003579
0003580
0003581
0003582
0003583
0003584
0003585
0003586
0003587
0003588
0003589
0003590
0003591
0003592
0003593
0003594
0003595
0003596
0003597
0003598
0003599
0003601
0003603
0003604
0003605
0003606
0003607
0003608
0003609
0003610
0003611
0003613
0003614
0003615
0003616
0003617
0003618
0003619
0003620
0003622
0003623
0003624
0003625
0003631
0003632
0003633
0003634
0003635
0003636
0003637
0003638
0003639
0003640
0003641
0003642
0003643
0003644
0003645
0003646
0003647
0003648
0003649
0003650
0003651
0003652
0003653
0003654
0003655
0003656
0003657
0003658
0003659
0003660
0003661
0003662
0003663
0003664
0003665
0003666
0003667
0003668
0003669
0003670
0003671
0003672
0003673
0003674
0003675
0003676
0003677
0003678
0003679
0003680
0003681
0003682
0003683
0003684
0003685
0003686
0003687
0003688
0003689
0003690
0003691
0003692
0003693
0003694
0003695
0003696
0003697
0003698
0003699
0003700
0003701
0003702
0003703
0003704
0003705
0003706
0003707
0003708
0003709
0003710
0003711
0003712
0003713
0003714
0003715
0003716
0003718
0003719
0003720
0003721
0003722
0003723
0003724
0003725
0003726
0003727
0003728
0003729
0003820
0003821
0003822
0003823
0003824
0003825
0003826
0003827
0003828
0003829
0003830
0003831
0003832
0003833
0003834
0003835
0003836
0003837
0003838
0003839
0003840
0003841
0003842
0003843
0003844
0003845
0003846
0003847
0003848
0003849
0003850
0003851
0003852
0003853
0003854
0003855
0003856
0003857
0003858
0003859
0003860
0003861
0003862
0003863
0003864
0003865
0003866
0003867
0003868
0003869
0003874
0003876
0003881
0003882
0003883
0003884
0003885
0003886
0003887
0003888
0003889
0003890
0003891
0003893
0003894
0003895
0003896
0003897
0003898
0003900
0003901
0003902
0003903
0003904
0003905
0003906
0003907
0003908
0003909
0003910
0003911
0003912
0003913
0003914
0003915
0003916
0003917
0003918
0003919
0003920
0003921
0003922
0003923
0003924
0003925
0003926
0003927
0003928
0003929
0003930
0003931
0003932
0003933
0003934
0003935
0003936
0003937
0003938
0003939
0003941
0003942
0003943
0003945
0003946
0003947
0003948
0003949
0003950
0003951
0003952
0003953
0003954
0003955
0003956
0003957
0003958
0003959
0003960
0003961
0003962
0003963
0003964
0003965
0003966
0003967
0003968
0003970
0003971
0003972
0003973
0003974
0003975
0003976
0003977
0003978
0003979
0003980
0003981
0003982
0003983
0003984
0003985
0003986
0003987
0003988
0003989
0003990
0003991
0003992
0003993
0003994
0003995
0003996
0003997
0003998
0003999
0004000
0004001
0004002
0004003
0004004
0004006
0004008
0004009
0004010
0004011
0004012
0004013
0004014
0004015
0004016
0004017
0004019
0004020
0004021
0004022
0004023
0004024
0004025
0004026
0004027
0004029
0004030
0004031
0004032
0004033
0004034
0004035
0004036
0004037
0004038
0004039
0004040
0004041
0004042
0004043
0004044
0004045
0004046
0004047
0004048
0004049
0004050
0004051
0004052
0004053
0004054
0004055
0004056
0004057
0004058
0004059
0004060
0004061
0004062
0004063
0004064
0004066
0004067
0004068
0004069
0004070
0004073
0004074
0004075
0004076
0004077
0004078
0004079
0004080
0004081
0004082
0004083
0004084
0004085
0004086
0004087
0004088
0004089
0004090
0004092
0004096
0004097
0004098
0004099
0004100
0004101
0004103
0004104
0004105
0004106
0004108
0004109
0004110
0004111
0004113
0004114
0004115
0004116
0004117
0004118
0004119
0004120
0004121
0004122
0004123
0004124
0004125
0004126
0004127
0004128
0004129
0004130
0004132
0004133
0004134
0004135
0004136
0004138
0004139
0004140
0004141
0004142
0004145
0004146
0004148
0004149
0004150
0004151
0004152
0004153
0004154
0004155
0004159
0004160
0004161
0004162
0004163
0004164
0004166
0004167
0004170
0004171
0004172
0004173
0004174
0004175
0004176
0004177
0004178
0004179
0004180
0004182
0004183
0004184
0004185
0004186
0004187
0004188
0004189
0004190
0004193
0004194
0004195
0004196
0004197
0004198
0004199
0004200
0004201
0004202
0004203
0004204
0004205
0004206
0004207
0004208
0004209
0004211
0004212
0004214
0004215
0004216
0004217
0004218
0004219
0004220
0004221
0004222
0004223
0004224
0004225
0004226
0004227
0004228
0004229
0004230
0004231
0004232
0004233
0004234
0004235
0004236
0004237
0004238
0004239
0004240
0004241
0004242
0004243
0004245
0004246
0004247
0004248
0004249
0004250
0004251
0004252
0004253
0004254
0004255
0004256
0004257
0004258
0004259
0004260
0004261
0004262
0004263
0004264
0004265
0004266
0004267
0004268
0004269
0004270
0004271
0004273
0004274
0004275
0004276
0004277
0004288
0004289
0004290
0004291
0004292
0004293
0004294
0004295
0004296
0004297
0004300
0004301
0004302
0004311
0004312
0004313
0004314
0004315
0004316
0004317
0004318
0004319
0004320
0004321
0004322
0004323
0004324
0004325
0004326
0004327
0004328
0004329
0004330
0004331
0004332
0004333
0004334
0004335
0004336
0004337
0004338
0004339
0004340
0004341
0004344
0004345
0004346
0004347
0004348
0004353
0004354
0004355
0004356
0004357
0004358
0004359
0004360
0004361
0004362
0004363
0004364
0004365
0004366
0004367
0004368
0004369
0004370
0004374
0004375
0004376
0004377
0004378
0004379
0004380
0004381
0004382
0004383
0004384
0004385
0004386
0004387
0004388
0004389
0004390
0004391
0004392
0004393
0004394
0004395
0004396
0004397
0004398
0004399
0004400
0004401
0004402
0004403
0004404
0004405
0004406
0004407
0004408
0004409
0004410
0004411
0004412
0004413
0004414
0004415
0004416
0004417
0004418
0004419
0004420
0004421
0004422
0004423
0004424
0004425
0004426
0004427
0004428
0004429
0004430
0004431
0004432
0004433
0004434
0004435
0004436
0004437
0004438
0004439
0004440
0004441
0004442
0004443
0004444
0004445
0004446
0004447
0004448
0004449
0004450
0004451
0004452
0004453
0004454
0004455
0004456
0004457
0004458
0004461
0004462
0004463
0004464
0004465
0004466
0004467
0004468
0004469
0004470
0004471
0004472
0004473
0004474
0004475
0004476
0004477
0004478
0004479
0004480
0004481
0004482
0004483
0004484
0004486
0004487
0004488
0004489
0004490
0004491
0004492
0004493
0004494
0004495
0004496
0004497
0004498
0004499
0004500
0004501
0004502
0004503
0004504
0004505
0004506
0004507
0004508
0004509
0004510
0004511
0004512
0004513
0004514
0004515
0004516
0004517
0004518
0004519
0004520
0004521
0004522
0004523
0004524
0004525
0004526
0004527
0004528
0004529
0004530
0004531
0004532
0004533
0004534
0004535
0004536
0004537
0004538
0004539
0004540
0004544
0004545
0004546
0004547
0004548
0004549
0004550
0004551
0004552
0004553
0004554
0004561
0004562
0004563
0004564
0004571
0004572
0004573
0004581
0004582
0004590
0004601
0004602
0004603
0004604
0004605
0004606
0004607
0004608
0004609
0004610
0004611
0004612
0004613
0004614
0004615
0004616
0004617
0004618
0004619
0004620
0004621
0004622
0004623
0004624
0004625
0004626
0004627
0004628
0004629
0004630
0004631
0004632
0004633
0004634
0004635
0004636
0004637
0004638
0004639
0004640
0004641
0004642
0004643
0004644
0004645
0004646
0004647
0004648
0004649
0004650
0004651
0004652
0004654
0004655
0004657
0004658
0004659
0004660
0004661
0004662
0004663
0004664
0004665
0004666
0004667
0004668
0004670
0004671
0004672
0004673
0004674
0004675
0004676
0004677
0004678
0004679
0004680
0004681
0004682
0004683
0004684
0004685
0004686
0004687
0004688
0004689
0004690
0004691
0004692
0004693
0004694
0004695
0004696
0004697
0004698
0004699
0004700
0004701
0004702
0004703
0004704
0004705
0004706
0004707
0004708
0004709
0004710
0004711
0004713
0004714
0004715
0004716
0004717
0004718
0004719
0004720
0004721
0004722
0004723
0004724
0004725
0004726
0004727
0004728
0004729
0004730
0004731
0004732
0004733
0004734
0004735
0004736
0004737
0004738
0004739
0004740
0004741
0004742
0004743
0004744
0004745
0004746
0004747
0004748
0004749
0004750
0004751
0004752
0004753
0004754
0004755
0004756
0004757
0004758
0004759
0004760
0004761
0004763
0004764
0004765
0004766
0004767
0004768
0004769
0004770
0004771
0004772
0004773
0004774
0004775
0004776
0004777
0004778
0004779
0004780
0004781
0004782
0004783
0004784
0004785
0004786
0004787
0004788
0004789
0004790
0004791
0004792
0004793
0004794
0004795
0004796
0004797
0004798
0004799
0004800
0004801
0004802
0004803
0004804
0004805
0004806
0004807
0004808
0004809
0004810
0004811
0004812
0004813
0004814
0004815
0004816
0004817
0004818
0004819
0004820
0004821
0004822
0004823
0004825
0004827
0004829
0004830
0004831
0004832
0004833
0004834
0004835
0004848
0004849
0004850
0004851
0004852
0004854
0004857
0004858
0004859
0004860
0004861
0004862
0004863
0004864
0004865
0004866
0004867
0004868
0004869
0004870
0004871
0004872
0004873
0004874
0004875
0004876
0004877
0004878
0004879
0004880
0004882
0004883
0004884
0004885
0004886
0004887
0004888
0004889
0004890
0004891
0004892
0004893
0004894
0004895
0004896
0004897
0004898
0004899
0004900
0004901
0004902
0004903
0004904
0004905
0004906
0004907
0004908
0004909
0004910
0004911
0004912
0004913
0004914
0004915
0004916
0004917
0004918
0004919
0004920
0004921
0004922
0004923
0004924
0004925
0004926
0004927
0004928
0004929
0004930
0004931
0004932
0004933
0004934
0004935
0004936
0004937
0004938
0004939
0004940
0004941
0004942
0004943
0004944
0004945
0004946
0004947
0004948
0004949
0004950
0004951
0004952
0004980
0004982
0004983
0004984
0004985
0004986
0004987
0004988
0004989
0004990
0004991
0004992
0004993
0004994
0004995
0004996
0004997
0004998
0004999
0005000
0005001
0005002
0005003
0005004
0005005
0005006
0005007
0005008
0005009
0005010
0005011
0005012
0005013
0005014
0005015
0005016
0005017
0005018
0005019
0005020
0005021
0005022
0005023
0005024
0005025
0005026
0005027
0005028
0005029
0005030
0005031
0005032
0005033
0005034
0005035
0005036
0005037
0005038
0005039
0005040
0005041
0005042
0005043
0005044
0005045
0005046
0005047
0005048
0005049
0005050
0005051
0005052
0005053
0005054
0005055
0005056
0005057
0005058
0005059
0005061
0005062
0005063
0005064
0005065
0005066
0005067
0005068
0005069
0005070
0005071
0005073
0005074
0005075
0005076
0005077
0005078
0005079
0005080
0005081
0005082
0005083
0005085
0005086
0005087
0005088
0005089
0005090
0005091
0005092
0005093
0005094
0005095
0005096
0005097
0005099
0005100
0005101
0005102
0005103
0005104
0005105
0005106
0005107
0005108
0005109
0005110
0005111
0005113
0005114
0005115
0005116
0005117
0005118
0005119
0005120
0005121
0005122
0005123
0005124
0005125
0005126
0005127
0005129
0005130
0005132
0005133
0005134
0005135
0005136
0005137
0005139
0005140
0005141
0005144
0005145
0005146
0005147
0005148
0005149
0005151
0005153
0005154
0005155
0005156
0005157
0005158
0005159
0005160
0005161
0005162
0005164
0005167
0005168
0005169
0005170
0005171
0005172
0005173
0005174
0005175
0005176
0005177
0005178
0005179
0005180
0005181
0005184
0005185
0005188
0005189
0005190
0005191
0005192
0005193
0005194
0005195
0005196
0005197
0005198
0005199
0005200
0005201
0005202
0005203
0005204
0005205
0005206
0005207
0005208
0005211
0005212
0005213
0005214
0005215
0005216
0005217
0005218
0005219
0005220
0005221
0005222
0005223
0005224
0005225
0005226
0005227
0005228
0005229
0005230
0005233
0005234
0005236
0005239
0005240
0005241
0005242
0005243
0005244
0005245
0005248
0005249
0005250
0005251
0005252
0005253
0005254
0005255
0005256
0005257
0005258
0005259
0005261
0005262
0005263
0005264
0005265
0005266
0005268
0005269
0005270
0005271
0005272
0005273
0005274
0005275
0005276
0005277
0005278
0005279
0005280
0005281
0005282
0005283
0005286
0005287
0005288
0005289
0005290
0005291
0005292
0005293
0005294
0005295
0005296
0005297
0005298
0005299
0005300
0005301
0005302
0005303
0005304
0005305
0005306
0005307
0005308
0005309
0005310
0005311
0005312
0005313
0005314
0005315
0005316
0005317
0005319
0005320
0005321
0005322
0005323
0005324
0005325
0005326
0005327
0005328
0005329
0005330
0005331
0005332
0005333
0005334
0005335
0005336
0005337
0005338
0005339
0005340
0005341
0005342
0005343
0005344
0005345
0005346
0005347
0005348
0005349
0005350
0005351
0005352
0005353
0005354
0005355
0005356
0005357
0005358
0005359
0005360
0005361
0005362
0005363
0005364
0005366
0005367
0005368
0005370
0005371
0005372
0005373
0005374
0005375
0005376
0005377
0005378
0005379
0005380
0005381
0005382
0005383
0005384
0005385
0005386
0005387
0005388
0005389
0005390
0005391
0005392
0005393
0005394
0005395
0005396
0005397
0005398
0005399
0005400
0005401
0005402
0005403
0005404
0005405
0005406
0005407
0005408
0005409
0005410
0005411
0005412
0005413
0005414
0005415
0005416
0005417
0005418
0005419
0005420
0005421
0005422
0005423
0005424
0005425
0005426
0005427
0005428
0005429
0005430
0005431
0005432
0005433
0005434
0005435
0005436
0005437
0005438
0005439
0005440
0005441
0005442
0005443
0005444
0005445
0005446
0005447
0005448
0005449
0005450
0005451
0005452
0005453
0005454
0005455
0005456
0005457
0005458
0005459
0005460
0005461
0005462
0005463
0005464
0005465
0005467
0005469
0005470
0005471
0005472
0005473
0005474
0005475
0005476
0005477
0005478
0005479
0005480
0005481
0005482
0005483
0005484
0005485
0005486
0005487
0005488
0005489
0005490
0005491
0005492
0005493
0005494
0005495
0005496
0005497
0005498
0005499
0005500
0005501
0005502
0005507
0005511
0005515
0005519
0005523
0005527
0005561
0005562
0005563
0005564
0005565
0005566
0005567
0005568
0005569
0005570
0005571
0005572
0005573
0005574
0005575
0005576
0005577
0005578
0005579
0005580
0005581
0005582
0005583
0005584
0005585
0005586
0005587
0005588
0005589
0005590
0005591
0005594
0005597
0005598
0005599
0005600
0005601
0005602
0005604
0005605
0005606
0005607
0005608
0005609
0005610
0005611
0005612
0005613
0005614
0005615
0005616
0005617
0005619
0005620
0005621
0005622
0005623
0005624
0005625
0005626
0005628
0005629
0005630
0005631
0005636
0005637
0005638
0005639
0005640
0005641
0005642
0005643
0005644
0005645
0005646
0005647
0005648
0005649
0005650
0005651
0005652
0005653
0005654
0005655
0005656
0005657
0005658
0005659
0005660
0005661
0005662
0005664
0005665
0005666
0005667
0005669
0005670
0005671
0005672
0005673
0005674
0005675
0005676
0005677
0005678
0005679
0005680
0005681
0005682
0005683
0005685
0005686
0005687
0005688
0005689
0005690
0005691
0005692
0005693
0005694
0005695
0005696
0005697
0005698
0005699
0005700
0005701
0005702
0005704
0005705
0005706
0005707
0005708
0005709
0005710
0005711
0005712
0005714
0005719
0005720
0005721
0005722
0005723
0005724
0005725
0005726
0005727
0005728
0005729
0005730
0005731
0005732
0005733
0005734
0005737
0005738
0005740
0005741
0005742
0005743
0005744
0005745
0005746
0005749
0005750
0005751
0005753
0005754
0005760
0005764
0005769
0005777
0005787
0005788
0005789
0005792
0005795
0005796
0005797
0005798
0005799
0005800
0005805
0005806
0005807
0005808
0005809
0005810
0005813
0005814
0005815
0005816
0005817
0005818
0005819
0005820
0005821
0005826
0005832
0005835
0005837
0005838
0005839
0005840
0005841
0005842
0005843
0005844
0005845
0005847
0005848
0005849
0005850
0005852
0005853
0005854
0005855
0005856
0005863
0005865
0005866
0005867
0005868
0005869
0005870
0005871
0005872
0005873
0005874
0005875
0005876
0005879
0005880
0005881
0005882
0005883
0005884
0005886
0005889
0005890
0005891
0005892
0005893
0005894
0005895
0005896
0005897
0005899
0005902
0005903
0005904
0005905
0005906
0005908
0005910
0005911
0005912
0005913
0005919
0005920
0005921
0005922
0005925
0005928
0005931
0005932
0005933
0005941
0005942
0005943
0005944
0005945
0005946
0005953
0005956
0005965
0005966
0005967
0005968
0005969
0005970
0005971
0005972
0005973
0005974
0005975
0005976
0005977
0005978
0005979
0005980
0005981
0005982
0005983
0005984
0005985
0005986
0005987
0005988
0005989
0005990
0005991
0005992
0005993
0005994
0005995
0005996
0005997
0005998
0006002
0006003
0006004
0006005
0006006
0006007
0006008
0006009
0006010
0006011
0006012
0006013
0006014
0006015
0006016
0006019
0006022
0006025
0006026
0006029
0006032
0006035
0006038
0006041
0006044
0006047
0006048
0006049
0006050
0006051
0006052
0006054
0006056
0006057
0006058
0006059
0006060
0006061
0006062
0006063
0006065
0006067
0006068
0006071
0006072
0006073
0006074
0006075
0006076
0006077
0006078
0006079
0006080
0006081
0006082
0006083
0006086
0006087
0006088
0006089
0006090
0006091
0006092
0006093
0006094
0006095
0006096
0006097
0006098
0006099
0006100
0006101
0006102
0006104
0006105
0006106
0006107
0006108
0006114
0006115
0006116
0006117
0006118
0006119
0006120
0006121
0006122
0006123
0006124
0006125
0006127
0006133
0006134
0006135
0006136
0006137
0006138
0006139
0006140
0006141
0006142
0006143
0006144
0006145
0006146
0006163
0006164
0006165
0006166
0006167
0006168
0006169
0006170
0006171
0006172
0006173
0006174
0006175
0006182
0006183
0006189
0006190
0006192
0006194
0006195
0006196
0006197
0006198
0006199
0006200
0006201
0006202
0006203
0006204
0006205
0006206
0006207
0006208
0006209
0006210
0006211
0006212
0006213
0006214
0006215
0006216
0006217
0006218
0006219
0006220
0006222
0006223
0006224
0006226
0006227
0006228
0006230
0006231
0006232
0006233
0006234
0006235
0006236
0006238
0006239
0006240
0006241
0006242
0006243
0006244
0006245
0006246
0006247
0006248
0006250
0006251
0006252
0006253
0006254
0006255
0006256
0006257
0006259
0006260
0006261
0006262
0006263
0006264
0006265
0006266
0006267
0006268
0006270
0006271
0006272
0006273
0006274
0006275
0006276
0006277
0006278
0006279
0006280
0006281
0006282
0006283
0006284
0006285
0006286
0006287
0006288
0006289
0006290
0006291
0006292
0006293
0006294
0006295
0006296
0006297
0006298
0006300
0006301
0006303
0006304
0006305
0006306
0006307
0006309
0006310
0006311
0006312
0006314
0006318
0006319
0006320
0006321
0006322
0006323
0006325
0006326
0006327
0006328
0006329
0006330
0006331
0006332
0006333
0006334
0006336
0006337
0006338
0006339
0006340
0006341
0006342
0006343
0006345
0006347
0006349
0006351
0006353
0006355
0006356
0006358
0006359
0006360
0006364
0006373
0006374
0006376
0006377
0006378
0006428
0006430
0006431
0006435
0006436
0006438
0006440
0006442
0006443
0006444
0006445
0006446
0006447
0006448
0006449
0006450
0006451
0006452
0006453
0006454
0006455
0006456
0006457
0006458
0006459
0006460
0006461
0006462
0006463
0006464
0006465
0006466
0006467
0006468
0006469
0006470
0006471
0006472
0006473
0006474
0006475
0006476
0006477
0006478
0006479
0006480
0006481
0006482
0006483
0006484
0006485
0006486
0006487
0006488
0006489
0006490
0006491
0006492
0006493
0006494
0006495
0006496
0006497
0006499
0006502
0006505
0006508
0006514
0006516
0006517
0006518
0006524
0006525
0006526
0006530
0006531
0006532
0006533
0006534
0006535
0006536
0006537
0006538
0006539
0006541
0006542
0006544
0006553
0006554
0006555
0006558
0006561
0006562
0006563
0006564
0006565
0006566
0006567
0006568
0006569
0006570
0006571
0006574
0006575
0006580
0006581
0006582
0006583
0006585
0006586
0006587
0006588
0006589
0006590
0006591
0006592
0006594
0006595
0006596
0006597
0006598
0006599
0006600
0006601
0006603
0006604
0006605
0006606
0006607
0006608
0006609
0006610
0006611
0006612
0006614
0006615
0006616
0006617
0006618
0006630
0006631
0006632
0006633
0006634
0006635
0006636
0006637
0006638
0006639
0006640
0006641
0006642
0006643
0006644
0006645
0006646
0006647
0006648
0006649
0006650
0006651
0006652
0006653
0006654
0006655
0006656
0006657
0006658
0006659
0006660
0006661
0006662
0006663
0006664
0006665
0006666
0006667
0006668
0006669
0006670
0006671
0006672
0006673
0006674
0006675
0006676
0006677
0006678
0006679
0006680
0006681
0006682
0006683
0006684
0006685
0006686
0006687
0006688
0006689
0006690
0006691
0006692
0006693
0006694
0006695
0006696
0006697
0006698
0006699
0006713
0006714
0006715
0006716
0006717
0006718
0006719
0006720
0006721
0006722
0006723
0006724
0006725
0006726
0006727
0006728
0006729
0006742
0006743
0006749
0006755
0006756
0006757
0006761
0006762
0006763
0006764
0006765
0006766
0006767
0006768
0006770
0006771
0006772
0006773
0006775
0006776
0006777
0006779
0006780
0006782
0006783
0006785
0006786
0006787
0006788
0006789
0006790
0006791
0006792
0006793
0006794
0006795
0006796
0006798
0006799
0006800
0006801
0006802
0006803
0006804
0006805
0006806
0006807
0006809
0006810
0006811
0006812
0006813
0006815
0006820
0006821
0006822
0006828
0006829
0006831
0006832
0006833
0006834
0006835
0006836
0006837
0006838
0006839
0006840
0006841
0006842
0006843
0006844
0006845
0006846
0006847
0006848
0006849
0006850
0006851
0006852
0006853
0006854
0006855
0006856
0006857
0006858
0006859
0006860
0006861
0006862
0006863
0006864
0006865
0006866
0006867
0006868
0006869
0006870
0006871
0006872
0006875
0006876
0006877
0006878
0006904
0006905
0006906
0006907
0006908
0006909
0006911
0006912
0006913
0006914
0006915
0006916
0006918
0006919
0006920
0006921
0006922
0006923
0006924
0006925
0006929
0006930
0006931
0006932
0006934
0006935
0006936
0006937
0006938
0006946
0006947
0006948
0006949
0006950
0006951
0006952
0006953
0006954
0006955
0006956
0006957
0006958
0006959
0006960
0006964
0006965
0006966
0006967
0006968
0006969
0006970
0006971
0006972
0006973
0006974
0006976
0006983
0006984
0007005
0007006
0007010
0007021
0007023
0007026
0007037
0007094
0007095
0007097
0007098
0007099
0007100
0007105
0007106
0007108
0007109
0007111
0007113
0007115
0007116
0007118
0007119
0007120
0007121
0007122
0007123
0007124
0007125
0007126
0007127
0007128
0007132
0007134
0007135
0007136
0007140
0007141
0007142
0007143
0007144
0007145
0007146
0007147
0007148
0007149
0007150
0007151
0007152
0007153
0007154
0007155
0007156
0007157
0007158
0007159
0007160
0007161
0007162
0007163
0007164
0007165
0007166
0007167
0007168
0007169
0007170
0007171
0007172
0007173
0007174
0007175
0007176
0007177
0007178
0007179
0007180
0007181
0007182
0007185
0007186
0007187
0007188
0007190
0007191
0007192
0007193
0007194
0007195
0007196
0007197
0007198
0007204
0007213
0007214
0007215
0007220
0007221
0007222
0007223
0007224
0007225
0007227
0007228
0007230
0007232
0007233
0007234
0007236
0007237
0007238
0007239
0007240
0007241
0007242
0007243
0007244
0007245
0007247
0007249
0007250
0007251
0007252
0007254
0007255
0007257
0007260
0007261
0007262
0007263
0007264
0007265
0007266
0007267
0007268
0007269
0007270
0007271
0007272
0007273
0007274
0007275
0007276
0007277
0007278
0007279
0007280
0007281
0007282
0007283
0007284
0007285
0007286
0007287
0007288
0007289
0007290
0007291
0007292
0007293
0007294
0007295
0007296
0007297
0007298
0007299
0007300
0007301
0007302
0007303
0007304
0007306
0007307
0007308
0007311
0007312
0007314
0007315
0007316
0007317
0007318
0007319
0007321
0007324
0007329
0007330
0007331
0007332
0007334
0007347
0007349
0007350
0007351
0007352
0007354
0007355
0007356
0007357
0007358
0007359
0007361
0007362
0007364
0007365
0007366
0007367
0007371
0007373
0007374
0007375
0007376
0007377
0007378
0007379
0007380
0007381
0007383
0007384
0007385
0007386
0007389
0007390
0007391
0007412
0007413
0007414
0007415
0007416
0007417
0007418
0007425
0007440
0007473
0007475
0007486
0007490
0007491
0007497
0007499
0007500
0007501
0007502
0007503
0007521
0007522
0007524
0007529
0007530
0007540
0007567
0007573
0007574
0007589
0007590
0007592
0007601
0007602
0007603
0007606
0007610
0007612
0007613
0007614
0007615
0007616
0007617
0007618
0007619
0007622
0007623
0007625
0007626
0007627
0007628
0007629
0007630
0007631
0007632
0007633
0007634
0007635
0007637
0007639
0007640
0007641
0007642
0007643
0007644
0007645
0007646
0007647
0007650
0007651
0007652
0007653
0007654
0007656
0007657
0007679
0007681
0007683
0007684
0007685
0007686
0007687
0007688
0007689
0007690
0007691
0007692
0007693
0007699
0007702
0007703
0007707
0007709
0007710
0007711
0007712
0007713
0007714
0007715
0007716
0007717
0007718
0007719
0007721
0007722
0007723
0007724
0007725
0007726
0007727
0007728
0007729
0007730
0007731
0007732
0007735
0007738
0007741
0007744
0007747
0007750
0007753
0007756
0007759
0007762
0007763
0007764
0007767
0007768
0007769
0007770
0007771
0007772
0007773
0007774
0007775
0007776
0007777
0007778
0007779
0007780
0007794
0007795
0007798
0007799
0007800
0007801
0007802
0007803
0007804
0007805
0007806
0007807
0007808
0007809
0007811
0007812
0007818
0007819
0007820
0007821
0007822
0007823
0007825
0007826
0007827
0007828
0007829
0007830
0007831
0007832
0007833
0007834
0007835
0007836
0007837
0007838
0007840
0007841
0007842
0007843
0007844
0007845
0007846
0007862
0007914
0007958
0007959
0007960
0007990
0007991
0007993
0007997
0008000
0008001
0008114
0008115
0008124
0008187
0008188
0008192
0008193
0008194
0008195
0008196
0008198
0008199
0008200
0008201
0008202
0008203
0008229
0008230
0008231
0008242
0008243
0008245
0008246
0008247
0008248
0008250
0008251
0008252
0008253
0008254
0008255
0008256
0008257
0008258
0008259
0008260
0008261
0008262
0008263
0008264
0008265
0008266
0008267
0008268
0008269
0008270
0008271
0008274
0008275
0008276
0008277
0008278
0008279
0008280
0008281
0008283
0008284
0008285
0008286
0008287
0008288
0008290
0008291
0008292
0008293
0008294
0008295
0008296
0008297
0008304
0008305
0008307
0008310
0008311
0008320
0008321
0008322
0008323
0008324
0008330
0008331
0008332
0008333
0008334
0008335
0008337
0008338
0008339
0008340
0008341
0008342
0008343
0008344
0008345
0008346
0008367
0008397
0008404
0008408
0008420
0008424
0008425
0008426
0008427
0008428
0008429
0008430
0008431
0008432
0008433
0008434
0008435
0008436
0008437
0008438
0008439
0008440
0008441
0008442
0008443
0008444
0008445
0008446
0008447
0008449
0008450
0008453
0008454
0008455
0008456
0008457
0008459
0008460
0008461
0008462
0008463
0008464
0008465
0008488
0008521
0008522
0008523
0008529
0008537
0008544
0008546
0008549
0008571
0008572
0008573
0008574
0008575
0008576
0008577
0008582
0008583
0008584
0008585
0008586
0008588
0008589
0008591
0008592
0008593
0008594
0008595
0008596
0008597
0008598
0008603
0008604
0008605
0008606
0008607
0008608
0008609
0008611
0008612
0008617
0008618
0008622
0008712
0008713
0008715
0008716
0008772
0008775
0008776
0008777
0008778
0008779
0008780
0008781
0008783
0008784
0008785
0008786
0008787
0008788
0008789
0008790
0008791
0008798
0008799
0008800
0008801
0008802
0008803
0008804
0008805
0008806
0008807
0008808
0008809
0008810
0008811
0008812
0008813
0008814
0008815
0008816
0008817
0008818
0008819
0008820
0008821
0008822
0008823
0008824
0008826
0008827
0008828
0008829
0008830
0008831
0008832
0008833
0008834
0008835
0008836
0008837
0008838
0008839
0008840
0008841
0008842
0008843
0008844
0008845
0008846
0008847
0008848
0008851
0008852
0008853
0008854
0008855
0008856
0008857
0008858
0008859
0008860
0008861
0008862
0008863
0008866
0008867
0008870
0008873
0008874
0008876
0008877
0008878
0008879
0008880
0008881
0008882
0008883
0008884
0008885
0008886
0008887
0008888
0008889
0008891
0008892
0008894
0008895
0008896
0008897
0008902
0008904
0008906
0008907
0008909
0008911
0008913
0008915
0008917
0008918
0008919
0008920
0008921
0008922
0008923
0008924
0008925
0008926
0008927
0008928
0008929
0008930
0008933
0008934
0008935
0008936
0008937
0008939
0008940
0008941
0008942
0008943
0008944
0008945
0008946
0008947
0008948
0008949
0008950
0008951
0008952
0008953
0008954
0008955
0008956
0008957
0008958
0008959
0008960
0008961
0008962
0008963
0008964
0008967
0008969
0008971
0008972
0008974
0008975
0008976
0008977
0008978
0008979
0008981
0008982
0008987
0008989
0008992
0008993
0008994
0008995
0008998
0008999
0009000
0009002
0009005
0009006
0009007
0009009
0009010
0009013
0009014
0009015
0009016
0009020
0009022
0009024
0009025
0009026
0009027
0009029
0009030
0009032
0009034
0009035
0009038
0009039
0009040
0009041
0009042
0009044
0009046
0009047
0009048
0009049
0009050
0009051
0009052
0009053
0009054
0009055
0009056
0009057
0009058
0009060
0009061
0009062
0009063
0009064
0009065
0009066
0009067
0009071
0009072
0009073
0009074
0009075
0009076
0009077
0009078
0009089
0009090
0009091
0009092
0009093
0009095
0009096
0009097
0009098
0009099
0009100
0009101
0009102
0009113
0009114
0009115
0009116
0009117
0009118
0009119
0009120
0009121
0009122
0009124
0009125
0009126
0009127
0009128
0009129
0009130
0009131
0009132
0009133
0009138
0009139
0009140
0009141
0009142
0009143
0009145
0009149
0009191
0009192
0009193
0009194
0009195
0009196
0009197
0009198
0009199
0009200
0009201
0009202
0009203
0009204
0009205
0009206
0009207
0009210
0009213
0009215
0009216
0009217
0009291
0009292
0009293
0009468
0009470
0009471
0009472
0009473
0009474
0009475
0009476
0009477
0009478
0009479
0009480
0009481
0009482
0009483
0009484
0009494
0009495
0009496
0009497
0009499
0009500
0009501
0009502
0009503
0009504
0009505
0009506
0009521
0009522
0009523
0009526
0009536
0009537
0009538
0009539
0009548
0009549
0009550
0009551
0009552
0009553
0009554
0009555
0009556
0009557
0009558
0009559
0009563
0009564
0009565
0009566
0009567
0009568
0009569
0009570
0009571
0009572
0009573
0009576
0009577
0009578
0009579
0009580
0009581
0009582
0009583
0009584
0009585
0009586
0009587
0009588
0009589
0009590
0009591
0009592
0009593
0009596
0009597
0009598
0009599
0009600
0009601
0009602
0009603
0009610
0009611
0009612
0009614
0009615
0009616
0009617
0009618
0009620
0009621
0009622
0009623
0009624
0009625
0009629
0009630
0009631
0009632
0009633
0009634
0009635
0009636
0009637
0009638
0009639
0009640
0009641
0009643
0009644
0009645
0009646
0009647
0009648
0009650
0009651
0009652
0009653
0009654
0009655
0009656
0009657
0009658
0009659
0009660
0009661
0009662
0009663
0009664
0009668
0009669
0009670
0009671
0009672
0009673
0009674
0009675
0009676
0009678
0009679
0009680
0009687
0009688
0009689
0009692
0009695
0009697
0009708
0009709
0009712
0009713
0009714
0009715
0009716
0009717
0009718
0009719
0009720
0009721
0009722
0009731
0009732
0009733
0009734
0009735
0009736
0009737
0009738
0009739
0009740
0009741
0009742
0009743
0009744
0009745
0009746
0009747
0009748
0009749
0009751
0009752
0009753
0009754
0009755
0009756
0009757
0009758
0009767
0009768
0009769
0009771
0009772
0009773
0009774
0009775
0009776
0009777
0009778
0009779
0009780
0009834
0009835
0009836
0009840
0009841
0009842
0009843
0009844
0009845
0009846
0009847
0009848
0009849
0009850
0009851
0009852
0009853
0009854
0009855
0009856
0009857
0009858
0009859
0009860
0009861
0009862
0009863
0009864
0009865
0009866
0009867
0009868
0009869
0009870
0009871
0009877
0009878
0009879
0009880
0009881
0009882
0009883
0009885
0009887
0009888
0009889
0009890
0009891
0009892
0009893
0009894
0009895
0009896
0009897
0009898
0009899
0009906
0009907
0009908
0009909
0009910
0009911
0009912
0009913
0009914
0009916
0009917
0009918
0009919
0009920
0009921
0009948
0009949
0009950
0009951
0009952
0009953
0009954
0009955
0009956
0009957
0009958
0009959
0009960
0009961
0009962
0009963
0009964
0009965
0009966
0009967
0009968
0009969
0009970
0009971
0009972
0009973
0009974
0009975
0009976
0009977
0009978
0009979
0009980
0009984
0009985
0009986
0009987
0009988
0009989
0009990
0009991
0009992
0009993
0009994
0009995
0010000
0010001
0010002
0010005
0010006
0010007
0010008
0010009
0010010
0010011
0010012
0010013
0010014
0010015
0010016
0010017
0010018
0010019
0010020
0010021
0010022
0010023
0010024
0010025
0010026
0010027
0010028
0010029
0010030
0010031
0010032
0010033
0010034
0010036
0010038
0010039
0010040
0010041
0010042
0010045
0010046
0010047
0010048
0010049
0010050
0010051
0010052
0010053
0010054
0010055
0010056
0010057
0010059
0010060
0010061
0010062
0010063
0010064
0010065
0010066
0010069
0010070
0010071
0010074
0010075
0010076
0010077
0010078
0010081
0010083
0010084
0010090
0010091
0010092
0010096
0010123
0010124
0010125
0010126
0010127
0010128
0010129
0010130
0010131
0010132
0010133
0010134
0010135
0010136
0010137
0010141
0010143
0010145
0010146
0010147
0010148
0010150
0010151
0010152
0010153
0010154
0010155
0010156
0010157
0010158
0010159
0010160
0010161
0010162
0010163
0010164
0010165
0010166
0010167
0010168
0010169
0010170
0010171
0010172
0010173
0010174
0010175
0010176
0010181
0010183
0010185
0010186
0010187
0010188
0010189
0010190
0010191
0010192
0010193
0010194
0010195
0010197
0010198
0010199
0010202
0010204
0010205
0010207
0010209
0010210
0010211
0010212
0010213
0010214
0010215
0010219
0010220
0010221
0010222
0010223
0010224
0010225
0010227
0010228
0010229
0010230
0010231
0010232
0010233
0010234
0010235
0010238
0010239
0010240
0010241
0010242
0010243
0010244
0010245
0010246
0010247
0010248
0010249
0010250
0010251
0010252
0010253
0010254
0010255
0010256
0010257
0010258
0010259
0010260
0010262
0010263
0010264
0010265
0010266
0010267
0010268
0010269
0010270
0010271
0010272
0010273
0010276
0010277
0010279
0010283
0010284
0010285
0010286
0010287
0010288
0010289
0010290
0010291
0010292
0010293
0010294
0010295
0010296
0010297
0010298
0010299
0010300
0010302
0010303
0010304
0010305
0010306
0010307
0010308
0010309
0010310
0010311
0010312
0010313
0010314
0010316
0010317
0010321
0010323
0010324
0010325
0010326
0010327
0010328
0010329
0010330
0010332
0010333
0010334
0010335
0010336
0010337
0010338
0010339
0010341
0010343
0010344
0010345
0010347
0010348
0010349
0010354
0010355
0010356
0010357
0010358
0010359
0010360
0010361
0010362
0010363
0010364
0010365
0010366
0010367
0010368
0010369
0010370
0010371
0010372
0010373
0010375
0010376
0010377
0010378
0010379
0010380
0010384
0010386
0010387
0010388
0010389
0010390
0010391
0010392
0010393
0010394
0010395
0010396
0010397
0010398
0010399
0010400
0010401
0010402
0010403
0010404
0010405
0010406
0010408
0010409
0010410
0010411
0010412
0010413
0010414
0010415
0010416
0010417
0010418
0010419
0010420
0010421
0010422
0010423
0010424
0010425
0010426
0010427
0010428
0010437
0010467
0010496
0010498
0010499
0010501
0010504
0010505
0010506
0010507
0010509
0010510
0010511
0010512
0010513
0010514
0010515
0010516
0010517
0010518
0010519
0010520
0010521
0010522
0010523
0010524
0010526
0010527
0010528
0010531
0010532
0010533
0010534
0010535
0010536
0010537
0010538
0010540
0010541
0010543
0010544
0010545
0010546
0010547
0010548
0010549
0010550
0010551
0010557
0010558
0010559
0010560
0010561
0010562
0010564
0010565
0010566
0010567
0010568
0010569
0010570
0010571
0010572
0010573
0010574
0010575
0010576
0010577
0010578
0010579
0010580
0010581
0010582
0010583
0010584
0010585
0010586
0010675
0010676
0010677
0010678
0010679
0010680
0010681
0010682
0010683
0010684
0010685
0010686
0010687
0010688
0010690
0010693
0010695
0010696
0010697
0010698
0010699
0010700
0010701
0010702
0010703
0010704
0010706
0010707
0010708
0010709
0010710
0010711
0010712
0010713
0010714
0010718
0010719
0010720
0010721
0010722
0010723
0010724
0010725
0010726
0010727
0010728
0010732
0010733
0010737
0010738
0010739
0010740
0010741
0010742
0010743
0010744
0010745
0010746
0010747
0010748
0010749
0010750
0010751
0010752
0010753
0010754
0010755
0010756
0010757
0010758
0010759
0010760
0010801
0010842
0010843
0010844
0010846
0010847
0010848
0010849
0010850
0010851
0010852
0010853
0010854
0010855
0010856
0010858
0010861
0010862
0010863
0010864
0010865
0010866
0010867
0010868
0010869
0010878
0010879
0010880
0010881
0010882
0010883
0010884
0010885
0010886
0010887
0010888
0010889
0010890
0010891
0010892
0010893
0010894
0010895
0010896
0010898
0010899
0010900
0010901
0010902
0010903
0010905
0010907
0010908
0010910
0010911
0010912
0010913
0010921
0010925
0010926
0010927
0010928
0010929
0010930
0010931
0010932
0010933
0010935
0010936
0010937
0010938
0010939
0010940
0010943
0010944
0010945
0010946
0010947
0010948
0010949
0010950
0010951
0010952
0010953
0010954
0010955
0010956
0010958
0010959
0010961
0010962
0010963
0010970
0010974
0010975
0010977
0010981
0010982
0010983
0010984
0010985
0010986
0010987
0010988
0010989
0010990
0010993
0010994
0010995
0010996
0011002
0011004
0011005
0011006
0011007
0011011
0011012
0011013
0011014
0011015
0011016
0011017
0011022
0011024
0011025
0011043
0011048
0011049
0011050
0011060
0011078
0011079
0011085
0011087
0011088
0011090
0011091
0011092
0011093
0011094
0011095
0011096
0011104
0011106
0011107
0011108
0011110
0011111
0011112
0011113
0011117
0011118
0011119
0011120
0011121
0011122
0011123
0011124
0011130
0011131
0011132
0011133
0011134
0011135
0011136
0011137
0011138
0011139
0011140
0011141
0011142
0011143
0011144
0011145
0011146
0011147
0011148
0011149
0011150
0011151
0011152
0011153
0011154
0011155
0011156
0011157
0011158
0011159
0011160
0011161
0011162
0011163
0011164
0011165
0011166
0011167
0011168
0011169
0011170
0011171
0011172
0011173
0011175
0011176
0011177
0011178
0011179
0011183
0011184
0011185
0011186
0011187
0011188
0011189
0011190
0011191
0011192
0011193
0011194
0011195
0011196
0011197
0011198
0011199
0011200
0011201
0011202
0011203
0011204
0011205
0011206
0011207
0011208
0011209
0011210
0011213
0011214
0011215
0011216
0011217
0011218
0011219
0011220
0011221
0011222
0011233
0011234
0011236
0011237
0011238
0011241
0011242
0011244
0011245
0011246
0011247
0011248
0011249
0011250
0011251
0011252
0011253
0011255
0011256
0011263
0011264
0011265
0011266
0011267
0011268
0011270
0011271
0011272
0011273
0011274
0011275
0011276
0011277
0011278
0011279
0011280
0011281
0011282
0011283
0011287
0011288
0011289
0011298
0011299
0011300
0011301
0011302
0011303
0011304
0011305
0011306
0011307
0011308
0011309
0011310
0011311
0011312
0011313
0011314
0011315
0011316
0011317
0011318
0011319
0011320
0011321
0011322
0011325
0011326
0011327
0011332
0011342
0011343
0011344
0011345
0011346
0011347
0011348
0011349
0011350
0011357
0011358
0011359
0011360
0011362
0011363
0011364
0011366
0011368
0011369
0011370
0011371
0011374
0011375
0011376
0011377
0011379
0011380
0011383
0011384
0011385
0011386
0011387
0011388
0011389
0011390
0011391
0011392
0011415
0011464
0011465
0011472
0011495
0011508
0011509
0011510
0011511
0011512
0011528
0011531
0011532
0011533
0011534
0011535
0011564
0011565
0011566
0011574
0011575
0011576
0011577
0011579
0011580
0011581
0011582
0011583
0011584
0011585
0011586
0011587
0011588
0011589
0011590
0011591
0011592
0011593
0011594
0011595
0011596
0011597
0011598
0011599
0011601
0011602
0011603
0011604
0011605
0011606
0011607
0011608
0011609
0011610
0011611
0011612
0011613
0011614
0011615
0011618
0011619
0011620
0011621
0011622
0011623
0011624
0011625
0011626
0011627
0011628
0011629
0011630
0011631
0011634
0011635
0011636
0011637
0011638
0011639
0011640
0011641
0011642
0011643
0011644
0011645
0011646
0011647
0011648
0011649
0011650
0011651
0011652
0011653
0011655
0011657
0011658
0011659
0011660
0011661
0011662
0011663
0011664
0011665
0011666
0011667
0011668
0011669
0011670
0011671
0011672
0011673
0011674
0011675
0011676
0011677
0011678
0011679
0011683
0011684
0011685
0011686
0011687
0011688
0011692
0011693
0011694
0011695
0011696
0011697
0011698
0011737
0011738
0011741
0011742
0011745
0011754
0011755
0011756
0011757
0011765
0011766
0011767
0011768
0011769
0011770
0011771
0011772
0011773
0011774
0011775
0011776
0011777
0011778
0011779
0011782
0011783
0011784
0011785
0011786
0011792
0011793
0011794
0011795
0011796
0011797
0011798
0011799
0011800
0011801
0011802
0011803
0011804
0011805
0011806
0011807
0011808
0011809
0011810
0011814
0011817
0011818
0011819
0011820
0011821
0011822
0011823
0011824
0011825
0011826
0011827
0011828
0011830
0011831
0011844
0011845
0011846
0011847
0011850
0011854
0011856
0011857
0011858
0011859
0011860
0011861
0011862
0011863
0011864
0011865
0011866
0011867
0011868
0011869
0011870
0011871
0011873
0011874
0011875
0011876
0011877
0011878
0011879
0011892
0011893
0011894
0011895
0011896
0011897
0011898
0011899
0011900
0011901
0011903
0011904
0011905
0011906
0011907
0011908
0011909
0011910
0011915
0011917
0011918
0011919
0011921
0011922
0011924
0011925
0011926
0011927
0011929
0011930
0011931
0011932
0011933
0011936
0011937
0011938
0011939
0011940
0011941
0011942
0011944
0011945
0011946
0011947
0011948
0011949
0011950
0011951
0011952
0011953
0011954
0011955
0011956
0011957
0011958
0011959
0011960
0011961
0011962
0011963
0011964
0011965
0011966
0011967
0011968
0011969
0011970
0011971
0011972
0011973
0011974
0011975
0011976
0011977
0011978
0011979
0011980
0011981
0011982
0011983
0011984
0011985
0011986
0011996
0011997
0012054
0012055
0012056
0012059
0012063
0012065
0012066
0012067
0012068
0012069
0012070
0012071
0012072
0012073
0012074
0012075
0012076
0012078
0012079
0012080
0012081
0012082
0012083
0012084
0012085
0012086
0012087
0012088
0012100
0012101
0012102
0012103
0012104
0012105
0012106
0012108
0012109
0012110
0012111
0012112
0012113
0012114
0012115
0012116
0012117
0012118
0012119
0012120
0012121
0012124
0012125
0012126
0012127
0012128
0012129
0012130
0012131
0012132
0012133
0012134
0012135
0012136
0012137
0012138
0012139
0012140
0012141
0012142
0012150
0012151
0012152
0012167
0012168
0012170
0012171
0012172
0012173
0012174
0012175
0012176
0012177
0012179
0012180
0012181
0012184
0012186
0012187
0012193
0012194
0012195
0012196
0012197
0012198
0012199
0012200
0012236
0012237
0012238
0012239
0012240
0012241
0012242
0012243
0012244
0012245
0012246
0012247
0012248
0012249
0012250
0012251
0012252
0012253
0012254
0012255
0012256
0012260
0012261
0012262
0012263
0012264
0012265
0012267
0012268
0012269
0012270
0012271
0012272
0012273
0012274
0012275
0012276
0012278
0012279
0012281
0012282
0012283
0012284
0012285
0012286
0012287
0012288
0012289
0012290
0012291
0012292
0012293
0012294
0012296
0012297
0012298
0012299
0012300
0012301
0012302
0012303
0012304
0012305
0012306
0012307
0012308
0012309
0012310
0012311
0012312
0012313
0012314
0012315
0012316
0012317
0012318
0012319
0012320
0012321
0012322
0012324
0012325
0012326
0012327
0012328
0012329
0012330
0012331
0012332
0012333
0012334
0012335
0012336
0012337
0012343
0012344
0012348
0012349
0012350
0012351
0012352
0012353
0012354
0012355
0012356
0012357
0012358
0012359
0012360
0012361
0012363
0012364
0012367
0012368
0012369
0012373
0012374
0012375
0012376
0012377
0012378
0012398
0012399
0012401
0012402
0012416
0012418
0012419
0012420
0012421
0012422
0012423
0012424
0012425
0012426
0012427
0012428
0012429
0012430
0012437
0012438
0012439
0012441
0012442
0012443
0012444
0012446
0012447
0012448
0012449
0012450
0012451
0012453
0012456
0012457
0012458
0012459
0012462
0012463
0012464
0012465
0012466
0012467
0012468
0012469
0012470
0012471
0012472
0012473
0012474
0012475
0012476
0012477
0012478
0012479
0012480
0012481
0012482
0012483
0012485
0012486
0012487
0012488
0012489
0012490
0012494
0012497
0012498
0012499
0012503
0012504
0012520
0012615
0012621
0012641
0012642
0012643
0012644
0012645
0012646
0012648
0012649
0012650
0012651
0012652
0012925
0013067
0013068
0013069
0013070
0013073
0013074
0013075
0013076
0013078
0013106
0013110
0013112
0013113
0013114
0013115
0013116
0013118
0013119
0013120
0013121
0013122
0013124
0013125
0013126
0013127
0013128
0013129
0013131
0013132
0013133
0013135
0013136
0013137
0013138
0013139
0013140
0013141
0013142
0013143
0013144
0013145
0013146
0013147
0013148
0013149
0013150
0013151
0013152
0013153
0013154
0013155
0013156
0013157
0013158
0013159
0013160
0013161
0013162
0013164
0013165
0013166
0013167
0013168
0013169
0013170
0013171
0013172
0013173
0013174
0013175
0013176
0013177
0013178
0013179
0013180
0013181
0013182
0013188
0013189
0013190
0013191
0013192
0013193
0013194
0013195
0013196
0013198
0013199
0013201
0013203
0013204
0013206
0013207
0013208
0013211
0013212
0013213
0013216
0013217
0013218
0013219
0013220
0013221
0013222
0013223
0013224
0013226
0013227
0013228
0013229
0013230
0013231
0013232
0013233
0013234
0013235
0013236
0013237
0013238
0013239
0013240
0013241
0013244
0013245
0013247
0013248
0013249
0013250
0013262
0013277
0013278
0013279
0013280
0013397
0013398
0013399
0013403
0013406
0013411
0013412
0013417
0013420
0013422
0013423
0013424
0013426
0013427
0013428
0013436
0013442
0013445
0013447
0013448
0013450
0013454
0013455
0013459
0013460
0013462
0013463
0013466
0013468
0013469
0013471
0013472
0013473
0013474
0013475
0013476
0013477
0013478
0013479
0013481
0013482
0013483
0013485
0013486
0013487
0013488
0013489
0013490
0013491
0013492
0013493
0013494
0013495
0013496
0013497
0013498
0013499
0013500
0013501
0013502
0013503
0013504
0013505
0013506
0013507
0013508
0013509
0013510
0013511
0013512
0013513
0013514
0013515
0013516
0013519
0013522
0013523
0013524
0013525
0013526
0013527
0013528
0013529
0013531
0013533
0013535
0013538
0013539
0013540
0013541
0013543
0013544
0013545
0013546
0013547
0013550
0013551
0013552
0013553
0013554
0013556
0013558
0013559
0013560
0013561
0013562
0013573
0013581
0013582
0013583
0013584
0013585
0013586
0013587
0013588
0013589
0013590
0013591
0013592
0013593
0013594
0013595
0013596
0013598
0013599
0013600
0013601
0013605
0013606
0013607
0013608
0013609
0013610
0013612
0013613
0013614
0013615
0013616
0013617
0013618
0013619
0013620
0013621
0013622
0013623
0013626
0013627
0013628
0013629
0013630
0013631
0013632
0013633
0013634
0013635
0013636
0013637
0013638
0013639
0013640
0013641
0013642
0013643
0013644
0013645
0013646
0013647
0013648
0013649
0013653
0013655
0013656
0013657
0013658
0013659
0013670
0013671
0013672
0013673
0013674
0013675
0013676
0013677
0013678
0013679
0013680
0013682
0013683
0013684
0013685
0013686
0013687
0013688
0013689
0013691
0013692
0013693
0013694
0013695
0013696
0013697
0013698
0013699
0013700
0013701
0013702
0013703
0013704
0013705
0013706
0013707
0013708
0013709
0013710
0013711
0013712
0013713
0013715
0013716
0013717
0013718
0013719
0013720
0013721
0013725
0013726
0013727
0013730
0013731
0013732
0013733
0013734
0013736
0013737
0013738
0013739
0013740
0013741
0013742
0013743
0013744
0013745
0013746
0013747
0013748
0013749
0013750
0013751
0013752
0013753
0013754
0013755
0013756
0013757
0013758
0013759
0013760
0013761
0013763
0013764
0013765
0013766
0013767
0013768
0013769
0013770
0013771
0013772
0013773
0013774
0013776
0013777
0013778
0014169
0014277
0014280
0014283
0014284
0014286
0014287
0014370
0014371
0014372
0014374
0014375
0014376
0014377
0014378
0014379
0014380
0014381
0014382
0014385
0014386
0014387
0014388
0014389
0014390
0014391
0014392
0014393
0014394
0014395
0014396
0014397
0014398
0014399
0014400
0014401
0014402
0014403
0014404
0014405
0014406
0014409
0014410
0014411
0014430
0014436
0014437
0014438
0014439
0014440
0014441
0014442
0014443
0014444
0014445
0014446
0014447
0014448
0014450
0014451
0014452
0014453
0014454
0014455
0014456
0014457
0014458
0014459
0014460
0014461
0014462
0014463
0014464
0014465
0014466
0014468
0014471
0014473
0014474
0014475
0014477
0014478
0014479
0014480
0014481
0014482
0014483
0014484
0014485
0014486
0014487
0014488
0014489
0014490
0014491
0014501
0014502
0014503
0014504
0014505
0014506
0014507
0014508
0014509
0014510
0014521
0014522
0014523
0014524
0014525
0014526
0014527
0014528
0014529
0014530
0014531
0014532
0014533
0014534
0014537
0014538
0014539
0014540
0014541
0014542
0014543
0014544
0014547
0014548
0014549
0014550
0014551
0014552
0014553
0014554
0014555
0014556
0014557
0014558
0014559
0014560
0014567
0014568
0014569
0014570
0014571
0014589
0014590
0014591
0014592
0014593
0014594
0014595
0014596
0014597
0014598
0014599
0014600
0014601
0014602
0014603
0014604
0014605
0014607
0014608
0014609
0014610
0014611
0014612
0014613
0014614
0014615
0014616
0014617
0014618
0014619
0014620
0014621
0014622
0014623
0014624
0014626
0014628
0014629
0014630
0014631
0014632
0014633
0014634
0014635
0014636
0014637
0014638
0014639
0014640
0014641
0014642
0014643
0014644
0014645
0014646
0014647
0014648
0014649
0014650
0014663
0014664
0014665
0014666
0014667
0014668
0014670
0014671
0014672
0014674
0014675
0014677
0014679
0014680
0014682
0014683
0014684
0014685
0014686
0014687
0014689
0014690
0014691
0014692
0014693
0014694
0014695
0014696
0014697
0014698
0014699
0014701
0014702
0014703
0014704
0014705
0014706
0014707
0014708
0014709
0014710
0014711
0014712
0014716
0014717
0014719
0014720
0014725
0014726
0014727
0014729
0014730
0014731
0014732
0014733
0014734
0014735
0014736
0014738
0014740
0014741
0014742
0014751
0014752
0014753
0014754
0014755
0014756
0014757
0014758
0014759
0014760
0014761
0014762
0014763
0014764
0014765
0014766
0014767
0014768
0014769
0014770
0014772
0014773
0014775
0014776
0014777
0014778
0014779
0014780
0014781
0014782
0014783
0014784
0014785
0014786
0014787
0014788
0014789
0014790
0014791
0014792
0014793
0014794
0014795
0014796
0014797
0014798
0014799
0014800
0014801
0014802
0014803
0014804
0014805
0014835
0014836
0014837
0014838
0014840
0014842
0014847
0014848
0014849
0014850
0014851
0014852
0014853
0014854
0014855
0014856
0014857
0014858
0014859
0014860
0014861
0014862
0014863
0014864
0014870
0014871
0014872
0014873
0014874
0014875
0014876
0014881
0014882
0014883
0014884
0014885
0014886
0014887
0014888
0014889
0014890
0014891
0014892
0014895
0014896
0014897
0014898
0014899
0014903
0014904
0014907
0014908
0014912
0014913
0014914
0014915
0014916
0014917
0014918
0014930
0014931
0014932
0014933
0014934
0014935
0014936
0014940
0014950
0014951
0015001
0015002
0015003
0015004
0015005
0015007
0015008
0015009
0015010
0015011
0015012
0015013
0015014
0015015
0015016
0015017
0015018
0015019
0015020
0015021
0015022
0015023
0015024
0015025
0015026
0015027
0015028
0015029
0015030
0015031
0015032
0015033
0015034
0015035
0015036
0015037
0015038
0015039
0015040
0015041
0015042
0015043
0015044
0015045
0015046
0015047
0015048
0015049
0015050
0015051
0015052
0015053
0015054
0015055
0015056
0015057
0015058
0015059
0015060
0015061
0015062
0015063
0015064
0015067
0015068
0015069
0015077
0015078
0015079
0015080
0015081
0015082
0015083
0015084
0015085
0015086
0015087
0015088
0015089
0015090
0015091
0015092
0015093
0015094
0015095
0015096
0015097
0015098
0015099
0015100
0015101
0015102
0015103
0015104
0015105
0015106
0015107
0015108
0015109
0015110
0015111
0015112
0015113
0015114
0015115
0015116
0015117
0015118
0015119
0015120
0015121
0015122
0015125
0015126
0015127
0015128
0015129
0015130
0015131
0015132
0015133
0015134
0015135
0015136
0015137
0015138
0015139
0015142
0015143
0015144
0015145
0015146
0015147
0015148
0015149
0015150
0015151
0015152
0015153
0015154
0015155
0015156
0015157
0015158
0015160
0015161
0015162
0015165
0015169
0015170
0015171
0015172
0015173
0015174
0015177
0015178
0015179
0015180
0015181
0015189
0015202
0015203
0015204
0015212
0015213
0015214
0015215
0015216
0015219
0015220
0015221
0015222
0015223
0015224
0015225
0015226
0015227
0015228
0015229
0015230
0015231
0015232
0015233
0015234
0015238
0015241
0015243
0015244
0015245
0015246
0015247
0015249
0015250
0015251
0015252
0015280
0015281
0015329
0015350
0015410
0015418
0015420
0015423
0015430
0015432
0015433
0015445
0015453
0015454
0015455
0015458
0015469
0015472
0015474
0015476
0015477
0015479
0015480
0015481
0015482
0015484
0015485
0015488
0015510
0015593
0015599
0015703
0015704
0015708
0015716
0015717
0015751
0015757
0015760
0015764
0015766
0015777
0015783
0015784
0015785
0015786
0015787
0015788
0015789
0015790
0015791
0015792
0015793
0015794
0015795
0015796
0015800
0015807
0015808
0015813
0015814
0015827
0015828
0015829
0015833
0015834
0015837
0015838
0015839
0015840
0015841
0015842
0015843
0015844
0015846
0015847
0015848
0015849
0015850
0015851
0015852
0015853
0015854
0015855
0015857
0015859
0015860
0015863
0015865
0015866
0015867
0015868
0015869
0015870
0015871
0015872
0015873
0015875
0015876
0015877
0015878
0015880
0015881
0015883
0015884
0015885
0015886
0015895
0015917
0015918
0015919
0015920
0015922
0015923
0015925
0015926
0016374
0016378
0016382
0016386
0016390
0016391
0016392
0016393
0016394
0016395
0016396
0016397
0016398
0016399
0016400
0016401
0016402
0016403
0016404
0016405
0016408
0016409
0016410
0016411
0016412
0016413
0016416
0016418
0016419
0016422
0016423
0016425
0016426
0016430
0016435
0016440
0016442
0016446
0016447
0016452
0016453
0016454
0016455
0016458
0016459
0016462
0016464
0016466
0016467
0016475
0016476
0016477
0016478
0016479
0016480
0016481
0016482
0016484
0016485
0016486
0016487
0016490
0016491
0016492
0016493
0016496
0016497
0016498
0016499
0016500
0016501
0016502
0016504
0016505
0016508
0016509
0016510
0016511
0016512
0016513
0016514
0016515
0016516
0016517
0016519
0016520
0016522
0016524
0016525
0016526
0016527
0016528
0016529
0016530
0016531
0016534
0016535
0016536
0016538
0016540
0016542
0016545
0016547
0016548
0016549
0016550
0016551
0016552
0016553
0016554
0016555
0016559
0016564
0016565
0016566
0016567
0016568
0016569
0016570
0016573
0016574
0016575
0016576
0016577
0016578
0016579
0016580
0016593
0016594
0016610
0016611
0016612
0016618
0016619
0016620
0016621
0016622
0016624
0016628
0016629
0016630
0016631
0016632
0016633
0016634
0016635
0016636
0016637
0016641
0016824
0016825
0016826
0016827
0016832
0016843
0016848
0016849
0016850
0016851
0016852
0016853
0016854
0016855
0016856
0016857
0016858
0016866
0016867
0016868
0016876
0016877
0016878
0016879
0016880
0016881
0016882
0016883
0016884
0016885
0016886
0016887
0016888
0016890
0016896
0016910
0016912
0016913
0016914
0016915
0016918
0016919
0016920
0016923
0016924
0016925
0016926
0016927
0016928
0016929
0016930
0016931
0016932
0016933
0016934
0016937
0016938
0016939
0016942
0016943
0016944
0017098
0017099
0017102
0017156
0017157
0017160
0017161
0017162
0017163
0017164
0017180
0017196
0017249
0017258
0017259
0017261
0017269
0017270
0017271
0017272
0017294
0017295
0017296
0017297
0017298
0017299
0017312
0017313
0017612
0017613
0017614
0017615
0017616
0017617
0017618
0017620
0017621
0017623
0017624
0017625
0017626
0017627
0017628
0017629
0017631
0017632
0017633
0017634
0017635
0017637
0017638
0017639
0017640
0017641
0017642
0017643
0017646
0017647
0017648
0017649
0017650
0017651
0017652
0017653
0017654
0017659
0017670
0017671
0017672
0017690
0017692
0017716
0017717
0017732
0017748
0017749
0017750
0017751
0018099
0018100
0018101
0018102
0018103
0018104
0018105
0018107
0018108
0018109
0018110
0018111
0018112
0018113
0018114
0018115
0018116
0018117
0018118
0018119
0018120
0018131
0018132
0018133
0018134
0018135
0018136
0018137
0018140
0018141
0018142
0018143
0018144
0018145
0018146
0018148
0018149
0018150
0018151
0018152
0018153
0018154
0018155
0018156
0018157
0018158
0018159
0018160
0018161
0018226
0018227
0018228
0018229
0018230
0018231
0018232
0018233
0018234
0018235
0018236
0018237
0018238
0018239
0018240
0018241
0018242
0018243
0018244
0018245
0018246
0018247
0018248
0018249
0018250
0018251
0018252
0018253
0018254
0018255
0018256
0018257
0018260
0018261
0018262
0018263
0018264
0018265
0018266
0018267
0018268
0018269
0018270
0018271
0018272
0018273
0018274
0018275
0018276
0018277
0018278
0018279
0018280
0018281
0018282
0018283
0018284
0018285
0018286
0018287
0018288
0018289
0018290
0018291
0018292
0018293
0018294
0018295
0018296
0018297
0018298
0018299
0018300
0018301
0018302
0018303
0018304
0018305
0018306
0018307
0018308
0018309
0018310
0018311
0018312
0018313
0018314
0018315
0018316
0018317
0018318
0018319
0018320
0018321
0018322
0018323
0018324
0018325
0018326
0018327
0018328
0018329
0018330
0018331
0018332
0018333
0018334
0018335
0018336
0018337
0018338
0018339
0018340
0018341
0018342
0018343
0018344
0018345
0018346
0018347
0018348
0018349
0018351
0018352
0018353
0018354
0018355
0018356
0018357
0018358
0018359
0018360
0018361
0018362
0018363
0018364
0018365
0018366
0018367
0018368
0018369
0018370
0018371
0018372
0018373
0018374
0018375
0018376
0018377
0018378
0018379
0018382
0018385
0018387
0018388
0018389
0018391
0018392
0018393
0018394
0018395
0018396
0018397
0018398
0018401
0018405
0018406
0018407
0018408
0018409
0018410
0018411
0018412
0018413
0018415
0018424
0018508
0018529
0018530
0018531
0018532
0018533
0018534
0018535
0018536
0018537
0018538
0018539
0018540
0018542
0018543
0018544
0018545
0018549
0018550
0018551
0018552
0018553
0018554
0018561
0018562
0018568
0018570
0018571
0018572
0018573
0018574
0018575
0018576
0018577
0018578
0018579
0018580
0018583
0018584
0018588
0018589
0018591
0018593
0018594
0018595
0018596
0018597
0018598
0018599
0018600
0018601
0018602
0018603
0018604
0018606
0018607
0018608
0018613
0018614
0018616
0018617
0018621
0018622
0018623
0018632
0018640
0018643
0018644
0018645
0018646
0018647
0018648
0018649
0018650
0018651
0018652
0018653
0018654
0018655
0018656
0018657
0018663
0018664
0018667
0018669
0018673
0018674
0018675
0018676
0018679
0018680
0018681
0018683
0018684
0018685
0018687
0018688
0018689
0018690
0018691
0018692
0018707
0019042
0019143
0019189
0019190
0019196
0019197
0019198
0019199
0019200
0019201
0019202
0019203
0019204
0019206
0019207
0019208
0019210
0019211
0019212
0019221
0019222
0019231
0019232
0019241
0019242
0019243
0019246
0019247
0019248
0019249
0019250
0019251
0019252
0019253
0019254
0019255
0019258
0019261
0019262
0019263
0019264
0019267
0019269
0019272
0019274
0019275
0019278
0019279
0019280
0019283
0019284
0019285
0019286
0019289
0019290
0019291
0019292
0019293
0019294
0019295
0019303
0019304
0019306
0019307
0019308
0019310
0019311
0019312
0019314
0019315
0019319
0019320
0019324
0019325
0019326
0019327
0019328
0020358
0020550
0022229
0022230
0022232
0022234
0022235
0022236
0022237
0022241
0022242
0022243
0022244
0022246
0022247
0022248
0022250
0022252
0022254
0022256
0022258
0022259
0022260
0022262
0022264
0022268
0022271
0022272
0022273
0022274
0022275
0022276
0022277
0022278
0022279
0022280
0022281
0022282
0022283
0022284
0022285
0022286
0022287
0022288
0022292
0022293
0022294
0022295
0022296
0022297
0022298
0022299
0022300
0022301
0022302
0022303
0022314
0022315
0022316
0022317
0022318
0022319
0022320
0022323
0022325
0022326
0022327
0022329
0022336
0022337
0022340
0022341
0022346
0022347
0022348
0022349
0022350
0022351
0022352
0022353
0022355
0022356
0022357
0022358
0022360
0022361
0022364
0022367
0022368
0022383
0022394
0022395
0022396
0022397
0022398
0022420
0022421
0022423
0022424
0022425
0022426
0022427
0022428
0022429
0022430
0022431
0022434
0022437
0022438
0022453
0022469
0022480
0022515
0022534
0022543
0022569
0022575
0022598
0022620
0022647
0022649
0022650
0022654
0022660
0022665
0022681
0022695
0022701
0022716
0022730
0022732
0022740
0022741
0022756
0022761
0022776
0022778
0022783
0022791
0022822
0022828
0022877
0022890
0022895
0022937
0022941
0022943
0022944
0022957
0022976
0022988
0022997
0023007
0023013
0023020
0023044
0023047
0023074
0023092
0023094
0023097
0023102
0023127
0023163
0023255
0023294
0023317
0023362
0023378
0023390
0023399
0023401
0023404
0023415
0023416
0023417
0023443
0023462
0023536
0023541
0023547
0023552
0023556
0023560
0023564
0023572
0023587
0023623
0023628
0023636
0023648
0023649
0023670
0023677
0023687
0023695
0023703
0023740
0023752
0023783
0023787
0023789
0023791
0023812
0023824
0023825
0023827
0023836
0023852
0023855
0023859
0023861
0023862
0023865
0023867
0023868
0023869
0023879
0023900
0023901
0023915
0023920
0023927
0023928
0023932
0023934
0023935
0023936
0023938
0023939
0023942
0023943
0023958
0023983
0023984
0023998
0023999
0024000
0024001
0024003
0024009
0024037
0024043
0024045
0024046
0024065
0024073
0024078
0024079
0024081
0024086
0024090
0024110
0024125
0024151
0024161
0024173
0024177
0024182
0024183
0024193
0024201
0024211
0024212
0024234
0024254
0024285
0024314
0024326
0024329
0024335
0024347
0024381
0024382
0024394
0024397
0024437
0024439
0024449
0024479
0024501
0024518
0024524
0024528
0024541
0024550
0024559
0024621
0024622
0024653
0024708
0024714
0024721
0024749
0024762
0024793
0024800
0024826
0024828
0024900
0024901
0024904
0024907
0024914
0024940
0024946
0024952
0024962
0025033
0025067
0025078
0025096
0025102
0025103
0025104
0025116
0025128
0025147
0025148
0025182
0025236
0025250
0025254
0025261
0025268
0025284
0025327
0025337
0025338
0025409
0025418
0025444
0025473
0025525
0025533
0025534
0025581
0025584
0025588
0025589
0025591
0025592
0025593
0025595
0025619
0025677
0025736
0025744
0025763
0025764
0025768
0025772
0025778
0025811
0025827
0025828
0025829
0025848
0025883
0025897
0025899
0025903
0025927
0025928
0025930
0025934
0025983
0025993
0026000
0026001
0026006
0026020
0026032
0026040
0026048
0026063
0026079
0026106
0026113
0026117
0026137
0026153
0026246
0026270
0026271
0026293
0026296
0026324
0026382
0026384
0026386
0026391
0026445
0026456
0026536
0026541
0026546
0026547
0026564
0026584
0026586
0026588
0026663
0026666
0026686
0026700
0026719
0026720
0026721
0026722
0026723
0026724
0026725
0026760
0026761
0026762
0026765
0026775
0026776
0026777
0026845
0026921
0026966
0026975
0026982
0026986
0027007
0027052
0027061
0027076
0027078
0027094
0027103
0027109
0027113
0027221
0027225
0027227
0027239
0027243
0027244
0027245
0027246
0027247
0027285
0027309
0027310
0027314
0027331
0027333
0027352
0027368
0027371
0027376
0027417
0027453
0027513
0027563
0027584
0027600
0027603
0027604
0027631
0027649
0027651
0027665
0027687
0027716
0027728
0027748
0027755
0027758
0027760
0027768
0027771
0027796
0027814
0027828
0027874
0028010
0028079
0028192
0028194
0028200
0028205
0028314
0028317
0028326
0028337
0028395
0028396
0028398
0028399
0028401
0028402
0028403
0028404
0028405
0028406
0028412
0028413
0028414
0028415
0028416
0028417
0028418
0028419
0028420
0028421
0028422
0028423
0028424
0028425
0028426
0028427
0028428
0028429
0028430
0028431
0028432
0028433
0028434
0028435
0028436
0028437
0028439
0028440
0028544
0028615
0028616
0028622
0028715
0028725
0028744
0028918
0028919
0028920
0028921
0028922
0028923
0028924
0028925
0029001
0029002
0029004
0029005
0029009
0029140
0029215
0029396
0029415
0029503
0029538
0029594
0029603
0029626
0029629
0029636
0029681
0029822
0029861
0029954
0029960
0030119
0030242
0030276
0030330
0030649
0031111
0031196
0031314
0031906
0031948
0032748
0033483
0033939
0034667
0034670
0034671
0034672
0034673
0034674
0034676
0034678
0034680
0034681
0034688
0034690
0034691
0034693
0034694
0034695
0034696
0034697
0034698
0034699
0034703
0034704
0034705
0034706
0034707
0034708
0034709
0034710
0034711
0034712
0034713
0034714
0034715
0034716
0034717
0034718
0034719
0034720
0034721
0034722
0034723
0034724
0034725
0034726
0034727
0034728
0034729
0034730
0034734
0034735
0034736
0034743
0034745
0034746
0034747
0034749
0034750
0034751
0034752
0034753
0034754
0034762
0034763
0034764
0034765
0034766
0034767
0034768
0034769
0034770
0034771
0034772
0034773
0034774
0034775
0034776
0034777
0034778
0034779
0034780
0034781
0034782
0034798
0034799
0034800
0034801
0034803
0034804
0034805
0034806
0034808
0034809
0034810
0034811
0034812
0034828
0034829
0034830
0034831
0034833
0034834
0034835
0034836
0034838
0034839
0034840
0034841
0034842
0034858
0034859
0034860
0034861
0034863
0034864
0034865
0034866
0034868
0034869
0034870
0034871
0034872
0034873
0034874
0034875
0034876
0034877
0034878
0034884
0034885
0034888
0034889
0034891
0034892
0034893
0034894
0034895
0034896
0034898
0034900
0034901
0034902
0034903
0034905
0034907
0034908
0034909
0034910
0034918
0034919
0034920
0034921
0034922
0034923
0034924
0034925
0034926
0034927
0034928
0034929
0034930
0034931
0034932
0034933
0034934
0034935
0034936
0034937
0034938
0034939
0034940
0034941
0034942
0034943
0034944
0034945
0034946
0034947
0034948
0034949
0034950
0034951
0034952
0034953
0034958
0034959
0034960
0034961
0034962
0034963
0034964
0034965
0034968
0034969
0034971
0034972
0034978
0034979
0034980
0034981
0034982
0034983
0034984
0034986
0034987
0034988
0034989
0034991
0034993
0034994
0034995
0034996
0034997
0034999
0035001
0035004
0035005
0035006
0035007
0035011
0035013
0035014
0035015
0035016
0035017
0035018
0035019
0035020
0035021
0035022
0035024
0035026
0035027
0035028
0035032
0035034
0035036
0035037
0035038
0035039
0035040
0035041
0035042
0035043
0035044
0035045
0035046
0035047
0035048
0035049
0035050
0035053
0035073
0035074
0035075
0035076
0035077
0035078
0035079
0035080
0035081
0035082
0035083
0035084
0035085
0035086
0035087
0035088
0035089
0035090
0035091
0035092
0035093
0035094
0035095
0035096
0035097
0035098
0035099
0035100
0035102
0035103
0035104
0035105
0035106
0035108
0035109
0035110
0035111
0035112
0035113
0035114
0035115
0035116
0035117
0035118
0035119
0035120
0035122
0035123
0035124
0035126
0035127
0035128
0035129
0035130
0035131
0035132
0035133
0035139
0035142
0035143
0035144
0035145
0035146
0035147
0035148
0035149
0035150
0035151
0035152
0035153
0035154
0035155
0035156
0035157
0035158
0035159
0035162
0035165
0035168
0035171
0035174
0035177
0035180
0035183
0035186
0035195
0035198
0035201
0035204
0035207
0035210
0035213
0035216
0035219
0035222
0035225
0035228
0035231
0035234
0035237
0035240
0035243
0035246
0035249
0035252
0035258
0035261
0035267
0035270
0035273
0035276
0035279
0035286
0035289
0035292
0035295
0035298
0035304
0035307
0035310
0035313
0035316
0035319
0035322
0035328
0035331
0035338
0035341
0035344
0035350
0035359
0035365
0035368
0035371
0035374
0035377
0035380
0035383
0035386
0035392
0035395
0035398
0035401
0035403
0035404
0035410
0035416
0035419
0035422
0035425
0035428
0035431
0035435
0035438
0035441
0035444
0035445
0035450
0035453
0035462
0035465
0035468
0035471
0035474
0035477
0035480
0035483
0035489
0035492
0035495
0035498
0035501
0035505
0035508
0035514
0035520
0035523
0035526
0035529
0035530
0035532
0035536
0035539
0035542
0035545
0035546
0035547
0035548
0035549
0035550
0035551
0035552
0035553
0035554
0035555
0035560
0035561
0035562
0035563
0035564
0035565
0035566
0035567
0035568
0035569
0035570
0035572
0035573
0035574
0035575
0035577
0035580
0035581
0035582
0035583
0035584
0035585
0035586
0035587
0035588
0035589
0035590
0035591
0035592
0035593
0035594
0035595
0035596
0035597
0035598
0035599
0035601
0035602
0035603
0035604
0035605
0035606
0035607
0035608
0035609
0035610
0035611
0035612
0035617
0035618
0035619
0035634
0035635
0035636
0035637
0035638
0035639
0035640
0035642
0035646
0035647
0035648
0035649
0035650
0035651
0035652
0035655
0035659
0035662
0035675
0035676
0035677
0035753
0035754
0035755
0035756
0035757
0035758
0035762
0035763
0035764
0035765
0035766
0035767
0035768
0035769
0035770
0035771
0035772
0035773
0035774
0035775
0035776
0035783
0035784
0035785
0035786
0035787
0035788
0035802
0035803
0035804
0035805
0035806
0035807
0035808
0035809
0035814
0035815
0035818
0035819
0035820
0035825
0035826
0035827
0035828
0035829
0035830
0035831
0035832
00358
