0
841
3911
2
0
0
4989
3023
0
819
0
4989
2365
0
0
0
963
3911
13
0
0
0
4980
4926
0
15
0
0
3946
0
0
0
0
0
0
0
346
13
0
43
0
963
0
0
0
0
0
0
0
4348
6
0
101
0
4998
5042
1574
5042
3895
0
0
0
0
0
0
3895
436
0
5039
5041
3671
3621
426
6
0
0
6
6
32
0
32
32
0
0
1
0
76
2116
0
0
0
0
0
0
0
0
0
0
0
0
0
0
0
0
0
0
0
0
0
0
0
1011
0
0
81
0
0
0
0
0
2527
2498
4910
4116
0
0
0
79
0
371
3489
11
0
0
3911
3464
730
0
0
3
0
0
0
0
0
0
0
4348
0
0
0
0
0
5
0
0
0
0
0
18
26
2045
0
503
0
0
0
0
0
0
0
5042
1359
0
1
0
0
0
0
0
0
0
0
0
0
0
83
0
0
0
0
63
4989
0
0
0
0
31
0
9
0
32
0
0
0
0
0
0
0
0
0
0
0
0
0
0
0
491
0
0
0
0
0
0
5042
0
0
0
0
0
0
0
0
0
0
32
0
0
0
0
0
0
0
0
0
0
15
0
0
0
0
0
0
0
0
0
0
0
0
0
0
0
0
0
0
0
0
2208
0
0
0
0
0
0
0
0
0
0
0
0
0
1
0
0
0
4348
4981
4982
5042
5087
5087
0
0
426
43
5041
5041
5018
4348
5042
0
4982
0
5041
0
563
5004
4353
2
1598
5041
1492
0
0
0
0
0
0
0
0
0
4668
282
0
0
0
0
0
5042
5042
5041
3911
5042
0
0
0
3911
289
0
1269
0
0
0
0
0
58
0
0
0
235
0
87
4348
21
0
0
0
0
0
436
0
16
0
0
0
0
0
0
142
963
963
0
0
0
1055
0
0
0
222
473
591
0
1868
361
208
491
5042
399
0
0
0
0
23
799
799
0
5
7
1
0
0
0
0
0
0
0
4989
3911
3895
0
3946
121
5041
58
0
69
4989
0
5042
5041
5041
0
5
0
1006
0
0
0
0
0
0
47
0
0
0
3917
157
0
0
13
0
0
3895
1859
146
0
3
59
0
4989
436
0
0
0
0
0
0
0
0
0
0
0
0
0
0
0
0
0
0
0
0
0
0
2367
2678
2048
53
0
0
0
0
0
9
0
0
0
0
0
0
3172
1316
1137
71
2354
13
0
45
0
0
0
0
0
0
621
0
54
0
0
0
0
0
0
0
0
0
0
0
0
0
0
0
0
0
0
0
0
0
3866
0
0
16
3580
976
346
3712
0
0
0
0
0
0
0
0
0
0
0
0
0
0
0
0
0
0
0
0
0
0
0
0
0
0
0
0
71
0
0
0
3
3
3
0
0
0
0
0
235
0
0
0
0
0
0
0
0
0
0
0
0
0
3
0
0
0
0
0
0
0
0
0
0
0
0
0
0
0
0
0
0
0
0
0
0
0
0
0
0
0
0
0
0
0
6
0
0
0
6
0
0
6
0
0
0
0
0
0
0
0
0
0
0
0
5
3
0
0
0
0
0
0
0
0
0
0
0
0
0
0
0
0
0
0
0
0
0
0
409
65
3825
748
720
484
401
0
0
0
3
3
0
3
0
0
6
0
0
0
0
0
0
0
0
0
0
0
0
0
0
23
0
0
0
0
0
0
0
0
0
0
0
0
0
0
0
0
0
0
0
0
0
0
0
0
31
0
0
0
0
0
0
0
0
0
0
0
0
0
0
0
0
0
0
0
0
0
0
0
0
0
0
0
59
0
0
0
0
0
0
0
0
0
0
0
41
0
0
0
0
0
0
0
0
0
0
0
0
0
0
0
0
0
0
0
0
0
0
0
0
0
0
0
0
0
0
0
0
0
0
0
0
0
0
0
0
0
0
0
0
0
0
0
0
0
0
0
63
0
34
0
4474
0
381
377
0
0
6
35
57
87
260
236
218
5042
544
463
548
44
0
2500
1993
771
995
3911
793
287
611
399
401
172
18
200
172
182
0
3911
0
0
0
2462
124
302
798
77
576
872
0
0
634
0
0
0
4848
0
0
0
0
1191
382
355
5
0
0
1
409
73
56
33
85
1
0
0
0
0
0
0
0
1
0
0
0
0
0
0
0
0
0
0
0
0
0
32
0
0
0
0
0
0
0
0
0
0
0
0
0
0
1
0
4
0
4
0
0
0
0
0
0
0
0
0
0
0
0
0
0
0
0
0
0
0
0
0
0
3946
0
3895
0
0
30
0
0
0
0
38
0
122
0
0
0
0
0
0
0
0
0
35
0
22
0
0
0
0
0
0
16
0
0
0
0
0
0
0
0
0
0
0
0
0
0
35
0
0
0
963
0
0
0
0
0
0
0
0
0
0
0
0
0
0
0
0
0
0
0
0
0
0
0
0
5042
0
0
0
0
0
0
398
19
0
0
0
0
0
0
0
0
26
0
109
0
0
0
0
0
0
0
0
0
0
0
0
0
0
0
0
0
0
0
0
0
0
0
0
0
0
3
1564
177
44
54
1070
305
0
7
0
61
14
47
0
2366
0
1388
1304
142
18
2976
0
0
0
0
0
3219
0
32
0
25
3464
3005
3464
0
0
0
43
0
0
0
0
0
0
0
0
0
0
0
0
2
0
0
0
0
0
0
0
0
0
0
0
0
0
0
0
0
0
0
0
0
0
0
5
3172
0
0
0
0
62
0
0
50
0
0
0
3172
0
0
0
0
963
963
0
104
142
142
198
963
963
0
0
0
16
58
0
0
0
296
0
0
0
0
0
0
0
0
0
0
0
0
0
0
0
963
963
0
0
0
0
0
0
0
0
0
0
0
0
0
0
0
0
0
0
13
0
462
0
0
0
0
0
0
0
0
0
867
101
310
0
0
0
142
0
0
0
0
118
0
2310
0
0
851
5
6
0
594
119
7
0
0
0
0
25
0
819
0
0
0
0
0
0
117
0
0
0
0
0
0
0
0
0
0
0
0
0
0
0
0
0
0
0
0
139
335
0
124
42
265
266
0
31
0
0
0
0
0
0
0
0
0
0
0
0
0
0
0
0
0
0
87
0
0
0
0
0
0
0
0
0
0
0
0
0
0
0
0
0
0
0
0
0
0
0
0
0
266
0
32
0
0
0
0
0
0
0
0
0
0
0
0
0
0
0
0
0
0
0
0
0
0
0
0
0
0
0
0
0
0
0
0
0
6
4348
0
0
0
0
4348
1
0
0
0
0
15
0
21
0
0
0
0
0
0
0
0
0
0
0
0
0
0
0
0
0
0
0
0
0
0
3
0
0
273
0
0
0
0
2
0
0
266
0
42
0
0
13
0
0
3598
265
0
0
0
0
0
0
0
0
0
0
0
4348
5042
0
0
0
0
0
0
0
0
0
0
0
0
16
0
0
0
4989
0
0
0
0
4989
13
13
1682
0
0
0
0
0
15
0
0
0
16
0
0
0
0
4811
4825
0
0
0
119
4989
0
16
5018
3105
2500
1993
1055
2366
0
3
0
14
0
0
0
6
0
0
0
0
0
6
0
0
0
0
0
0
0
0
0
0
0
0
0
0
0
0
0
0
0
0
0
0
0
0
0
0
0
0
0
0
0
0
0
0
0
0
0
0
0
0
0
0
0
0
0
0
0
0
0
0
0
0
0
0
0
0
0
0
0
0
0
0
0
0
0
0
0
0
0
0
0
4348
0
0
0
0
0
4989
1189
97
0
963
5042
0
0
310
58
815
0
0
0
708
0
0
708
1549
0
0
1548
26
0
0
0
0
7
2546
66
29
18
0
0
81
0
0
0
9
9
0
3136
0
0
2355
0
0
0
0
0
0
0
0
0
0
0
0
0
32
0
0
0
0
117
0
0
0
3911
0
0
0
0
0
0
0
0
0
0
0
685
0
0
0
0
0
11
11
0
0
0
0
0
0
3
0
119
0
266
0
0
0
0
0
0
0
0
0
72
0
0
0
0
94
0
5
0
0
0
0
0
0
45
0
0
0
0
173
5013
16
0
0
0
0
0
0
0
0
0
0
3776
0
0
3911
88
0
16
16
16
16
0
0
3825
0
0
235
0
0
0
0
0
0
16
0
0
21
0
0
0
0
0
327
0
1053
0
0
0
0
0
0
0
5033
5042
404
793
709
0
0
5
0
3
207
1661
2091
771
0
0
0
0
0
0
3
0
0
0
0
0
0
3540
142
0
154
5041
3840
4847
13
0
0
0
3
0
0
0
2
3062
0
0
0
0
0
0
0
0
0
0
0
0
0
0
0
0
266
76
0
0
1
0
0
0
0
0
0
0
0
0
0
0
0
0
0
0
0
0
0
874
470
686
0
0
0
0
0
1443
0
0
4848
1
1
0
0
0
0
0
0
0
0
0
0
0
3488
0
90
399
7
0
0
0
111
0
0
0
0
0
0
0
0
0
4826
2956
43
21
1886
819
685
0
0
0
0
0
0
0
0
0
3072
41
3209
5042
117
3209
920
0
0
0
3895
2569
0
1307
0
783
0
3917
0
110
0
0
0
0
3337
0
0
0
0
2467
0
0
0
0
0
0
0
0
0
0
0
0
0
0
0
0
0
0
0
0
0
0
0
0
0
0
0
0
0
0
0
0
0
0
0
0
0
0
0
0
0
0
0
0
0
0
0
0
0
0
0
0
0
0
0
0
0
436
0
0
0
0
0
0
0
0
0
0
0
0
0
0
0
0
0
0
0
0
0
0
0
0
0
0
0
0
0
0
0
0
0
0
0
0
0
0
0
0
0
0
0
0
0
0
0
0
0
0
0
0
0
0
0
0
0
0
0
0
0
0
0
0
0
0
0
0
0
0
0
0
0
0
0
0
0
0
0
0
0
0
0
0
0
0
0
0
0
0
0
0
0
0
0
0
0
0
0
0
0
0
0
0
0
0
0
0
0
0
0
0
0
0
0
0
0
0
0
0
0
0
0
0
0
0
0
0
0
0
0
0
0
0
0
0
0
0
0
0
0
0
0
0
0
0
0
0
0
0
0
0
0
0
0
0
0
0
0
0
0
0
0
0
0
0
0
0
0
0
0
0
0
0
0
0
0
0
0
0
0
0
0
0
0
0
0
0
0
0
0
0
0
0
0
0
0
0
0
0
0
0
0
0
0
0
0
0
0
0
0
0
0
0
0
0
0
0
0
0
0
0
0
0
0
0
0
0
0
0
0
0
0
0
0
0
0
0
0
0
0
0
0
0
0
0
0
0
0
0
0
0
0
0
0
0
0
0
0
0
0
0
0
0
0
0
0
0
0
0
0
0
0
0
0
0
0
0
0
0
0
0
0
0
0
0
0
0
0
0
0
0
0
0
0
0
0
0
0
0
0
0
0
0
0
2
0
0
0
0
0
0
0
0
0
0
0
0
0
0
0
0
0
0
265
0
0
0
0
0
0
0
0
0
0
0
0
0
0
0
0
0
0
0
0
0
0
0
0
0
0
0
0
0
0
0
0
0
0
0
0
0
0
0
0
0
0
0
0
0
0
0
0
0
0
0
0
0
0
0
0
0
0
0
0
0
0
0
0
0
0
0
0
0
0
0
0
0
0
0
0
0
0
0
0
0
0
0
0
0
0
0
638
0
0
0
0
0
0
0
0
0
0
0
3911
2310
0
0
0
0
1309
266
15
5013
6
0
0
3311
165
0
3403
2999
3346
2310
0
967
967
963
6
3777
266
5013
0
0
436
4384
3588
0
4348
0
74
0
0
5004
0
0
0
0
91
0
0
2975
0
3504
479
1330
5041
4985
5033
0
468
1262
2508
1996
2843
2304
2685
3729
2087
2380
2427
1839
222
0
0
0
0
0
1
0
0
0
3464
3464
0
0
0
799
0
426
0
0
0
0
0
0
0
0
0
0
0
0
0
0
0
0
0
0
0
0
0
0
0
0
0
0
0
0
0
0
0
0
0
0
0
0
0
0
0
0
0
0
0
0
0
0
0
0
0
0
0
0
0
0
0
0
0
0
0
0
0
0
0
0
0
0
0
0
0
0
0
0
0
0
0
2
0
0
0
0
0
0
0
655
0
0
0
0
0
0
0
0
0
101
310
0
0
0
0
0
0
0
0
0
0
0
0
0
3039
0
0
0
0
0
3895
0
0
0
0
0
1
0
1602
1339
35
0
0
0
3005
3464
0
0
0
0
0
0
0
0
0
0
0
0
0
0
0
0
0
13
0
0
0
0
0
0
0
0
0
0
0
0
0
0
963
0
0
0
85
544
409
1
872
0
0
0
0
404
698
0
0
0
0
0
0
0
0
0
0
0
0
0
0
0
0
0
0
0
0
0
0
0
0
0
0
0
0
0
0
0
0
0
0
0
0
0
0
0
1
0
0
0
0
0
0
0
0
963
0
0
0
0
0
0
0
0
0
0
0
0
0
14
0
7
0
0
698
677
0
0
0
0
0
0
0
0
0
0
0
0
0
0
0
0
0
0
0
0
0
0
0
0
0
0
0
0
0
0
0
0
0
0
0
45
0
0
0
0
0
0
3435
142
0
603
832
3298
3019
760
0
404
0
0
282
0
0
0
0
0
0
0
0
0
0
0
0
0
0
0
0
0
0
0
0
0
0
0
0
6
228
6
0
0
0
0
16
0
282
0
0
0
0
398
0
0
0
93
0
0
0
6
0
87
0
0
0
0
74
0
0
81
0
32
2
32
0
0
0
0
0
0
0
0
0
0
0
0
0
0
0
0
0
0
0
0
0
0
0
0
0
0
0
0
0
0
0
0
0
830
0
0
0
0
0
0
0
0
0
0
0
0
0
0
0
0
0
0
26
275
0
0
0
0
0
0
0
198
0
0
0
0
0
142
0
0
0
931
864
690
0
0
0
0
0
0
0
0
0
0
45
353
294
419
94
267
274
285
444
289
71
121
241
0
85
51
58
282
6
188
255
181
166
78
188
218
227
285
258
53
712
944
0
0
0
1
1
0
0
0
9
50
0
0
0
0
2518
0
58
450
0
59
5
0
0
0
0
0
3
0
0
334
0
0
65
0
0
0
0
0
0
244
0
46
0
0
0
3
3
0
0
0
0
0
0
0
0
0
444
0
0
0
0
0
0
0
0
0
0
0
0
0
0
0
440
591
388
0
0
491
211
2729
0
0
0
13
31
0
6
0
32
198
123
332
574
0
3172
0
0
0
0
0
0
0
0
2728
0
0
0
3172
0
0
795
756
2992
237
47
14
425
0
337
26
43
0
0
0
0
0
0
0
280
235
0
0
0
0
0
3
107
0
4
0
38
438
58
0
0
0
0
0
0
0
0
0
0
3172
4384
87
0
0
6
0
19
0
0
0
0
0
0
0
3
3895
0
0
2901
3657
0
0
0
0
0
0
0
0
0
0
0
11
0
0
0
0
0
0
0
0
0
0
0
0
0
0
0
0
0
0
0
0
0
0
0
0
0
0
0
0
0
0
0
0
0
0
0
0
0
0
0
0
0
0
0
0
0
0
0
0
0
0
0
0
0
0
0
0
0
0
0
0
0
0
0
0
0
4989
0
0
0
0
335
0
0
0
0
1
0
0
0
0
0
0
0
0
0
0
0
0
0
0
0
0
0
0
0
0
0
0
0
0
60
74
0
0
0
0
0
0
335
0
0
0
101
0
101
0
0
0
0
0
0
0
0
0
0
0
0
0
0
0
11
0
3059
3013
43
0
37
0
0
0
0
0
6
0
0
0
0
0
0
4980
0
0
0
0
556
0
3895
5042
5041
56
16
0
0
0
0
967
0
0
0
0
0
0
0
0
4348
4348
4348
0
0
0
0
0
0
4348
0
0
0
0
0
0
3
0
0
0
0
0
0
0
0
0
0
75
432
0
0
0
0
0
0
0
1862
0
0
0
0
0
0
0
0
0
0
0
0
0
0
0
0
0
0
0
0
6
6
0
0
0
0
0
0
0
0
0
0
0
0
0
0
0
0
0
0
0
0
0
0
0
0
0
0
0
0
0
0
0
0
0
0
3210
406
477
591
388
0
0
1
0
0
0
0
0
0
0
0
0
0
0
0
12
0
0
0
0
0
0
0
0
963
5042
0
5004
4348
0
0
0
0
0
0
566
14
95
0
107
241
0
85
51
54
237
47
14
14
0
0
0
0
0
0
70
13
0
0
0
0
0
0
0
0
13
2550
1
0
0
32
0
3105
142
0
0
0
4287
4287
0
0
0
0
3775
226
0
0
0
0
14
0
142
0
3719
3255
0
23
447
490
3105
460
129
246
103
191
0
102
74
25
0
0
0
0
0
0
54
0
0
0
0
0
0
367
47
174
0
34
0
77
365
232
103
0
74
25
0
0
0
0
0
0
0
0
0
0
0
0
54
0
0
0
0
0
0
0
0
0
0
0
0
0
0
0
0
0
0
0
0
0
1046
559
327
708
0
3917
0
0
1053
0
0
0
0
0
1313
0
49
0
63
0
35
1
0
5
0
0
198
1910
1910
0
0
0
0
1
0
0
0
16
16
16
0
0
0
0
0
0
0
0
0
0
0
0
0
0
0
0
0
0
0
0
0
0
0
0
0
0
0
0
0
0
0
0
0
0
0
4547
2096
0
0
0
0
4348
0
4348
0
0
0
0
0
0
0
0
0
0
0
0
0
0
0
0
0
0
91
398
91
16
19
13
68
1
0
0
0
0
0
0
0
0
0
32
11
6
0
0
0
0
0
0
0
0
0
0
0
0
0
0
0
0
0
0
0
0
0
0
2152
4348
6
6
0
0
0
0
0
0
3
0
38
0
0
465
0
0
0
0
0
0
0
0
0
0
0
0
0
0
0
0
0
0
0
0
0
0
0
0
0
819
0
0
0
0
0
0
0
0
0
0
0
0
0
0
0
0
0
0
87
0
0
0
2248
116
0
0
4287
3478
3701
16
0
0
0
4348
0
0
0
0
0
0
6
0
0
0
0
0
0
0
0
266
266
3777
0
0
0
0
0
1442
2315
1747
2217
1430
1387
847
1655
0
0
0
133
2468
2709
0
4860
4217
0
0
0
0
3219
0
1
5042
3173
458
2096
572
5042
0
0
0
0
0
0
0
0
0
0
0
0
0
0
0
0
0
0
0
0
0
0
0
0
0
0
0
0
0
0
0
563
0
0
0
0
563
0
0
0
0
0
0
563
0
0
0
0
6
0
0
0
0
0
0
0
0
0
0
0
0
0
0
0
0
0
4348
0
0
0
0
0
0
0
0
0
1419
2149
0
0
0
0
1
4348
0
3848
6
29
0
0
101
173
0
0
0
0
0
0
0
0
0
0
0
0
0
0
0
0
0
0
0
0
0
0
0
5042
3911
0
146
0
0
0
3
0
0
0
0
0
0
0
0
3946
0
4998
0
0
0
0
0
0
0
0
0
0
0
0
0
0
0
0
0
0
0
0
0
0
0
0
0
0
0
0
0
0
0
0
0
0
0
0
0
0
0
0
0
0
0
0
0
0
0
0
0
0
0
0
0
0
0
0
0
0
0
0
0
0
0
0
0
0
0
0
0
0
0
0
0
0
0
0
0
0
0
0
0
0
0
0
0
0
0
0
0
0
0
0
0
0
0
0
0
0
0
0
0
0
0
714
0
0
0
0
3776
3776
0
0
0
0
0
436
0
0
0
0
0
0
0
0
0
0
0
6
0
0
3917
13
3172
13
0
5042
0
0
0
0
6
0
0
0
0
0
0
6
0
0
0
0
0
0
0
0
0
0
0
0
0
0
0
0
0
0
0
0
0
0
0
0
0
0
0
0
0
0
0
0
0
0
0
0
0
0
0
0
0
0
0
0
799
3776
0
0
11
11
1013
0
0
0
0
0
3
18
2807
3267
0
3172
4533
4348
2804
0
4349
0
0
0
0
0
0
0
0
0
0
0
0
0
0
0
0
0
0
0
0
0
0
0
0
0
0
0
0
0
0
0
0
0
0
0
0
0
0
0
0
0
0
0
0
0
24
0
0
0
0
0
0
0
0
0
0
0
0
3787
491
0
5017
0
591
374
0
0
0
0
0
0
0
0
0
0
0
0
0
32
0
32
0
0
0
11
11
0
0
0
0
0
266
5042
32
0
0
0
0
0
0
0
0
0
0
0
0
0
0
0
0
0
0
0
0
0
0
0
0
0
0
0
0
0
0
0
0
0
0
0
0
0
0
0
0
0
0
0
0
0
0
0
0
0
0
0
0
0
0
0
0
0
0
0
0
0
0
0
0
11
0
0
0
0
0
0
117
0
0
0
0
0
0
0
0
0
0
0
0
0
0
0
0
0
0
0
0
963
963
0
0
0
0
0
0
4
0
0
0
0
0
0
0
0
0
0
0
0
473
2135
0
6
0
0
0
0
2500
1993
3701
3478
0
0
5042
0
58
963
142
0
0
0
0
0
0
142
0
0
0
0
0
0
0
0
0
0
597
0
0
0
0
0
728
0
0
0
0
0
0
0
0
0
0
0
0
0
0
0
0
0
0
0
169
0
0
0
0
0
0
0
0
0
0
0
0
0
0
0
0
0
0
0
920
0
0
0
3917
4348
0
0
0
0
0
0
0
0
0
0
0
0
0
799
0
0
0
0
0
0
0
0
0
0
0
0
0
0
0
0
0
0
0
0
0
0
0
0
0
0
0
0
0
0
0
0
0
0
0
0
0
0
0
0
0
0
0
0
0
0
0
0
0
0
0
0
0
0
0
0
0
0
0
32
0
0
0
0
0
2310
0
0
0
0
0
0
0
0
0
0
0
0
0
0
0
0
0
0
0
0
0
0
0
0
0
0
0
0
0
0
0
0
0
0
0
0
0
0
0
0
0
0
1443
0
934
0
0
0
0
0
0
0
0
0
0
0
0
0
0
0
0
0
0
0
0
0
0
0
0
0
6
0
0
0
3911
3911
0
1
677
698
0
801
0
0
5
0
0
0
5
0
2130
434
0
0
0
0
0
6
0
5041
5041
0
0
0
0
6
1
0
0
0
0
0
87
3
0
0
0
0
510
591
0
0
0
0
0
0
0
0
0
0
0
0
0
0
0
0
0
0
0
0
0
0
0
0
0
0
0
5031
4843
942
4843
3464
2587
0
25
0
0
0
0
0
23
0
236
799
94
0
3403
3085
0
0
0
0
517
0
0
0
683
698
2349
0
74
0
235
0
0
3895
0
3434
0
0
0
0
0
827
0
0
0
0
0
0
4990
2208
0
0
0
0
0
0
0
0
0
1
0
0
0
0
0
0
0
0
0
0
0
16
0
0
0
0
0
0
0
0
0
0
0
0
0
0
0
0
927
0
0
0
0
0
0
0
0
162
0
9
162
0
0
0
0
0
0
0
0
0
0
0
0
402
433
436
490
351
297
297
0
3053
0
0
2913
118
2992
2314
0
0
2486
142
88
0
169
2486
2949
0
0
0
0
0
0
0
0
0
0
0
0
0
0
0
0
0
0
0
0
0
0
0
0
0
0
0
0
0
0
0
0
0
0
0
0
0
0
0
0
0
0
5
5
0
0
0
0
0
0
0
0
0
0
0
0
0
0
0
0
0
0
0
0
0
0
0
0
0
0
0
0
0
0
0
0
0
0
0
0
0
0
0
0
0
0
0
0
1388
1343
0
0
544
544
265
0
0
0
0
0
42
0
85
0
44
1304
35
0
0
0
491
3
0
436
0
139
0
0
0
409
591
591
720
47
0
66
0
0
484
484
1
0
0
0
23
0
1262
1548
0
5
173
173
0
17
0
2310
0
0
0
0
0
0
0
0
0
0
11
401
381
404
2546
2546
1109
1109
872
0
14
58
0
0
0
0
0
0
0
0
377
0
0
0
0
0
4348
0
0
0
35
0
0
0
0
0
0
0
0
49
462
1041
0
0
0
0
0
0
0
0
0
0
0
0
0
0
0
0
0
0
0
0
0
0
0
0
0
247
0
0
0
0
0
0
0
0
0
0
0
0
0
0
0
0
0
0
0
0
0
0
0
0
0
0
0
0
0
0
0
0
0
0
0
0
0
0
0
0
0
0
0
0
0
0
0
0
0
0
0
0
0
0
0
0
0
0
0
0
0
0
0
0
0
0
0
0
0
0
0
0
0
0
35
35
0
0
0
0
0
0
0
0
0
6
6
0
6
0
0
3946
0
0
0
0
0
0
0
0
0
0
0
0
0
0
0
819
0
0
0
0
0
0
0
0
3911
0
1285
5042
15
0
5041
5042
2145
1898
589
0
0
0
0
0
0
4
0
0
0
15
0
0
0
81
0
9
0
0
0
0
0
0
0
0
0
0
0
0
0
0
0
0
0
0
0
0
0
383
566
0
0
0
0
0
0
0
0
0
0
0
0
0
0
0
0
0
0
0
0
0
0
0
0
0
0
0
0
0
0
0
0
0
0
0
0
0
0
0
0
0
0
14
0
807
874
0
0
0
0
0
0
0
0
0
0
0
0
0
0
0
0
0
0
0
0
0
0
0
0
195
0
39
0
0
0
0
0
32
0
0
0
0
0
0
0
0
0
0
0
0
0
32
0
0
0
5
741
261
32
127
0
41
149
190
0
178
1
0
386
15
35
0
191
0
0
0
0
0
0
0
74
0
0
0
0
0
0
0
450
74
188
0
0
1109
0
0
0
0
0
0
0
0
0
1592
1592
92
225
23
0
23
59
0
0
160
16
793
0
771
1193
0
0
3311
2067
0
0
0
0
0
0
0
4353
0
0
0
0
0
0
0
0
0
3
0
0
0
0
2
0
0
0
0
0
74
0
0
0
0
0
0
0
0
0
0
0
0
0
0
4348
0
0
0
0
0
0
0
0
0
0
922
2885
4348
0
5042
95
203
3947
0
0
6
0
1747
14
4348
0
1
0
0
0
0
39
39
0
23
60
0
0
0
0
0
0
0
0
0
0
436
0
0
0
0
0
117
0
0
0
0
0
0
0
0
0
0
0
0
0
0
0
0
0
0
0
0
0
0
0
0
0
0
0
0
0
0
0
0
0
0
0
0
0
0
0
0
0
0
0
0
0
0
0
0
0
49
0
0
3504
0
0
0
0
0
0
0
0
0
0
0
0
0
0
0
3464
2587
0
0
0
0
0
0
31
0
0
0
0
0
0
0
0
0
0
0
0
0
0
0
0
0
2077
76
2261
3701
3478
0
0
0
266
16
0
0
0
5013
0
3777
5013
0
0
0
0
0
0
0
0
0
0
0
6
0
0
0
0
0
226
0
0
0
0
0
0
0
0
0
0
0
0
0
0
0
0
0
0
0
0
0
0
0
0
0
0
0
0
0
0
0
0
0
0
0
0
0
0
47
2343
5041
0
25
38
1146
40
5041
0
0
0
1237
1237
0
0
0
72
0
0
0
0
0
0
0
0
0
0
0
0
9
4348
0
0
5013
0
0
5033
0
5004
0
0
0
0
0
0
563
566
5
0
0
0
0
0
0
0
0
0
0
0
0
0
142
0
0
0
0
0
0
0
0
0
49
0
0
0
0
0
0
0
0
0
0
0
1592
13
0
0
0
0
0
0
0
6
0
0
6
4348
0
558
0
0
0
0
0
0
0
0
0
0
0
0
0
0
0
0
0
2
0
0
0
0
0
0
0
0
0
0
0
0
0
0
0
0
0
0
0
0
0
0
0
0
0
0
0
0
13
0
0
45
45
0
0
0
0
0
0
0
4348
0
16
0
0
0
0
0
0
0
0
0
3946
117
0
0
0
0
0
4642
0
0
0
4086
3881
2725
4474
3825
0
0
0
0
0
0
0
45
4215
25
4843
1913
1913
0
3438
105
0
0
29
10
0
115
167
3625
868
81
81
0
0
0
2467
36
44
0
0
0
0
40
609
0
1074
0
88
0
0
0
0
0
0
0
0
0
0
0
0
0
0
0
0
111
0
0
0
0
0
0
0
0
0
0
0
0
0
0
0
0
0
0
0
0
0
0
0
0
0
0
0
0
0
0
0
0
0
0
0
0
0
0
0
0
0
0
0
0
0
0
0
0
0
0
45
0
133
0
0
0
0
0
0
0
0
0
0
0
0
42
0
0
0
0
0
0
0
0
0
0
0
0
0
9
162
2
143
2
0
0
0
0
0
0
0
0
0
0
0
0
0
0
0
0
0
0
0
0
0
54
0
0
0
0
0
38
0
0
0
0
0
0
0
0
0
0
0
0
0
0
0
0
0
0
0
0
0
0
0
0
0
0
0
0
0
0
0
0
0
0
0
0
0
116
74
0
5
38
0
1
0
0
1993
2499
0
134
0
196
0
0
0
0
0
0
0
0
0
0
0
0
0
0
0
194
0
0
3895
0
3895
0
0
0
0
0
0
0
0
0
0
0
0
0
0
0
0
0
3
3
45
0
0
0
0
0
0
0
0
1910
0
0
0
0
0
0
0
0
0
0
0
0
0
0
0
0
1
0
0
0
0
0
0
0
0
0
0
0
0
0
0
0
0
0
0
0
556
3856
3092
3822
0
25
155
4214
0
0
26
871
48
0
0
0
0
0
0
0
0
0
0
0
0
0
0
0
0
0
0
0
0
0
0
0
0
0
0
3895
0
0
0
0
0
0
0
0
0
0
0
0
0
0
874
0
0
0
0
0
0
0
0
0
0
0
0
0
0
6
0
0
0
0
0
0
0
0
0
0
0
0
0
0
0
0
0
0
0
0
0
0
0
0
0
0
0
235
0
0
0
0
0
0
0
0
0
0
0
0
0
0
0
0
0
0
0
0
0
0
0
0
0
0
0
0
0
0
0
0
0
0
0
0
0
0
0
0
0
0
0
0
0
0
0
0
0
0
0
0
0
426
0
0
452
0
0
0
0
0
0
2569
0
0
0
0
0
0
0
0
16
5018
0
3895
0
1564
247
1564
247
0
432
1388
0
0
0
6
0
0
0
0
0
0
0
0
0
0
0
0
101
0
0
0
0
0
0
0
0
0
0
0
0
0
0
0
0
0
2840
0
0
3
0
0
0
0
0
0
0
0
0
0
677
2581
0
0
0
0
0
0
3
566
458
369
0
0
0
0
0
0
0
32
0
0
32
925
4687
0
2
0
0
0
0
0
0
0
266
0
0
1747
0
0
0
0
0
0
0
0
0
0
0
0
0
0
0
0
0
0
0
0
0
0
335
3219
5013
0
0
0
0
0
0
0
0
0
0
0
0
1304
0
0
1443
0
0
0
0
0
0
0
0
0
0
0
0
0
0
0
0
0
0
0
0
0
72
0
119
0
0
0
0
0
0
0
0
0
2391
1357
1620
0
0
0
0
0
0
0
0
0
0
0
0
0
0
0
0
0
0
558
0
0
0
0
0
0
0
0
0
0
0
0
0
0
0
0
0
0
943
0
0
0
0
0
0
0
0
0
566
0
0
0
0
0
0
0
0
0
0
0
0
0
0
0
0
3
0
0
0
0
0
0
0
0
0
0
0
3
0
1601
0
0
0
0
0
0
0
0
0
0
0
0
0
0
0
440
807
708
559
4348
0
0
0
0
0
0
0
2037
0
0
0
0
0
0
0
0
0
0
0
0
0
3
0
0
0
0
0
0
0
963
0
0
0
0
0
0
0
0
3917
0
0
0
0
0
0
0
0
0
0
0
0
0
0
0
0
0
0
0
0
0
0
241
1102
174
99
116
0
0
144
91
70
81
0
0
0
0
43
0
0
0
0
1
0
0
0
0
0
0
0
0
0
0
4
0
0
0
0
0
0
0
0
0
0
0
0
0
0
0
0
0
235
0
0
2730
2581
2840
0
0
0
0
0
0
0
0
14
0
0
0
0
0
0
0
11
0
0
0
0
0
0
0
0
0
0
0
4989
0
0
0
265
266
0
0
0
0
0
0
491
874
16
0
0
0
0
0
0
0
0
0
0
0
0
0
0
0
0
0
0
0
0
0
0
0
0
0
0
0
0
0
0
0
0
0
0
0
0
0
0
0
0
0
0
0
0
3914
0
0
87
0
0
0
0
0
0
0
2569
0
0
0
0
0
0
0
0
0
0
0
0
0
0
0
0
31
15
0
0
963
0
0
0
0
0
0
0
0
0
0
0
0
0
0
0
0
0
0
0
1747
2581
14
0
0
0
2728
2728
0
0
0
0
0
0
0
0
0
0
0
153
0
44
0
0
0
0
266
335
0
0
123
123
0
0
0
0
0
123
123
0
0
0
0
32
0
0
0
0
0
0
0
0
967
3776
5001
5042
0
2691
3907
0
0
0
0
0
801
0
0
1
2581
0
1747
0
0
0
0
920
0
0
0
920
2135
14
1541
0
0
3403
2728
920
0
2113
4839
4246
3172
0
0
0
0
0
5041
0
0
0
0
3848
0
0
0
0
0
0
72
18
0
0
0
0
0
0
0
0
0
0
0
0
0
0
0
0
0
0
147
0
0
0
0
0
0
0
0
0
0
0
0
0
0
25
0
0
963
1759
0
0
0
563
563
0
0
0
0
0
0
0
0
0
0
0
0
149
0
148
0
0
110
2113
0
0
0
2467
2467
0
6
0
0
0
6
0
3072
611
611
783
327
399
440
188
218
227
285
258
188
218
227
285
258
0
0
188
255
181
166
78
188
255
181
166
78
45
71
121
241
0
85
51
58
237
47
401
463
45
71
121
241
0
85
51
58
237
47
401
463
399
485
0
0
611
401
399
327
327
655
655
655
404
0
0
4644
4474
3825
2527
2498
3105
3209
720
401
4642
388
382
29
0
0
0
0
0
1443
0
0
56
9
190
4275
4174
3196
0
71
71
213
63
0
0
20
18
1304
0
0
0
0
0
3072
0
0
172
172
0
0
381
377
0
361
361
287
287
85
63
0
0
162
0
0
0
0
0
0
0
0
0
0
0
63
3062
3062
874
874
760
760
0
0
1
0
347
2125
9
0
0
0
9
0
44
44
36
36
621
0
0
0
1215
5039
3866
0
0
0
0
0
0
0
0
0
0
0
0
0
0
0
0
0
0
0
0
0
0
0
0
0
0
0
0
0
0
0
1074
0
1
1
0
0
0
0
0
0
0
0
0
0
0
0
0
0
0
0
0
0
1430
3566
0
0
0
0
0
0
0
0
0
0
0
1
0
0
0
0
4
0
0
164
2608
2012
0
0
0
0
0
3569
3569
0
0
0
450
634
8
15
0
0
0
73
0
0
0
0
0
0
0
26
7
0
815
0
0
4990
4893
927
0
248
0
6
0
872
0
0
0
0
556
517
2698
2964
86
0
3464
0
3464
3858
0
0
1655
1655
3134
0
0
6
1
1
571
585
0
0
0
0
0
0
0
0
0
0
0
0
0
0
0
0
0
0
0
0
0
0
0
0
0
0
0
0
0
23
0
0
0
0
0
0
0
301
5042
0
0
0
0
0
963
0
0
0
0
2105
2244
1165
0
0
112
147
204
4825
836
0
0
0
0
0
0
0
0
0
2
0
88
0
4989
0
0
0
0
0
32
32
0
0
0
0
0
0
0
0
0
0
0
0
0
0
0
0
0
0
0
0
0
0
0
0
0
0
0
0
0
0
0
0
0
0
0
0
0
0
0
0
0
0
0
0
0
0
0
0
0
228
0
0
0
0
0
507
0
0
0
0
0
0
0
0
0
0
0
0
0
0
0
0
0
0
0
0
0
0
0
0
0
0
0
0
0
0
0
0
0
0
0
0
0
0
0
0
0
0
0
4287
686
470
5031
0
3172
0
0
0
0
101
346
1267
3464
310
2874
890
0
0
0
0
27
0
2103
2246
2246
2113
2113
1077
888
888
697
665
626
0
0
0
0
0
0
0
0
0
2355
42
41
45
942
5
11
19
0
0
0
0
0
0
0
0
0
0
946
237
0
0
0
24
221
0
0
0
0
0
0
0
0
0
0
0
0
0
0
0
0
0
0
0
5018
921
25
349
872
0
0
0
0
13
13
0
0
4348
0
0
0
0
0
0
0
0
23
0
23
23
0
0
0
0
24
0
0
0
0
0
0
0
0
0
296
0
0
0
0
0
0
0
0
0
0
0
0
0
0
0
0
0
0
0
0
0
0
0
0
3221
13
0
0
0
4989
4989
4989
0
4989
0
0
0
0
0
0
0
0
0
0
0
0
0
3
0
4989
0
0
0
0
0
0
0
5
0
0
0
0
0
0
0
0
0
0
963
0
0
0
0
0
0
0
0
0
0
0
0
0
0
0
0
0
0
0
0
0
0
0
0
0
0
0
0
0
0
13
0
0
0
0
0
0
0
0
0
0
0
0
0
0
0
0
0
0
0
0
0
0
1
0
0
0
0
0
0
0
0
0
1
0
0
0
0
74
0
0
0
0
0
0
27
1
1
1
1
0
0
0
280
0
0
0
0
0
0
0
0
0
0
556
2343
2343
37
0
0
27
17
17
0
0
0
0
0
0
0
0
0
0
0
0
0
0
0
0
0
0
0
0
0
0
0
0
0
0
0
0
0
0
0
4989
91
0
0
116
81
301
0
0
0
236
261
1
1
793
793
728
597
793
728
597
0
0
0
0
0
0
0
0
0
0
0
72
0
0
0
0
0
0
0
0
0
0
0
0
0
0
0
0
0
0
0
16
0
0
0
0
0
0
0
0
0
0
0
0
0
20
0
0
0
0
0
0
0
0
0
0
0
0
563
5013
0
0
0
0
0
0
0
0
0
0
0
0
0
2
29
0
0
0
0
0
0
0
0
0
0
0
0
0
0
0
0
0
0
0
5
3464
0
0
0
0
0
0
0
0
0
0
0
0
0
0
0
0
0
0
0
0
0
0
0
13
0
0
0
0
0
3822
783
0
0
718
573
559
3022
0
0
0
0
0
0
0
0
0
0
0
0
0
0
0
0
0
0
0
0
0
0
0
0
0
0
0
0
0
142
0
0
0
0
0
0
0
0
0
0
0
0
0
0
0
0
0
0
0
0
0
0
0
0
0
29
0
0
0
0
0
4474
3825
142
7
0
0
6
0
0
0
0
0
0
0
0
0
0
0
0
0
0
0
0
0
0
0
0
0
0
0
0
0
0
0
0
0
0
0
1
0
0
0
0
0
0
0
0
0
0
0
0
0
0
0
0
0
0
0
0
0
0
0
0
0
0
0
0
0
0
0
0
16
0
0
0
0
0
0
0
0
0
11
0
0
0
0
0
0
0
0
0
0
0
0
72
0
0
0
0
0
0
0
0
0
0
0
0
0
0
0
0
0
0
0
0
10
0
0
0
0
0
0
0
0
0
0
11
0
103
0
0
0
0
0
0
4
0
0
0
0
0
0
0
0
0
0
0
0
0
0
0
0
0
0
0
0
0
0
0
0
0
0
0
0
0
0
0
59
45
0
0
0
0
0
1
0
0
0
0
0
0
0
0
0
0
0
0
0
0
0
0
0
0
0
0
0
0
0
0
0
0
0
0
0
0
0
0
0
0
0
0
0
0
0
0
0
0
0
0
0
0
0
0
0
0
0
0
0
0
0
0
142
142
88
88
0
0
0
0
0
0
1
0
0
4980
0
0
0
0
0
0
0
0
0
0
0
0
0
0
0
0
0
0
0
0
0
0
0
0
0
0
0
0
0
0
0
228
305
244
312
284
0
0
0
0
0
0
0
0
0
0
0
0
0
0
0
0
0
0
0
0
0
0
0
0
0
0
0
0
0
0
0
0
0
0
0
0
0
0
1191
0
0
0
0
0
0
0
0
0
0
0
0
0
0
0
0
0
0
0
0
0
0
0
0
0
0
0
0
0
0
0
0
0
0
0
0
0
0
1094
4980
0
0
0
0
0
0
0
0
0
0
0
0
1053
5018
5018
927
0
0
0
0
0
0
0
0
0
0
0
0
0
0
0
0
0
0
0
0
0
7
0
0
0
0
0
0
0
0
0
0
0
0
0
1614
1469
0
0
0
0
38
0
4989
0
0
0
0
0
0
0
0
0
3077
0
0
87
0
0
0
0
0
0
0
0
0
0
0
0
0
0
0
0
0
124
0
0
0
0
0
0
0
0
0
0
0
0
3561
0
0
0
0
0
0
0
553
0
0
0
0
0
0
0
0
0
0
0
0
0
0
0
0
0
0
0
0
0
0
0
2
4
0
0
0
0
0
0
0
0
0
0
0
0
0
0
0
0
0
0
0
0
0
0
0
0
0
4668
3039
0
0
0
0
100
66
131
297
89
14
14
0
0
13
70
19
0
0
0
0
0
0
0
0
0
0
0
0
0
0
0
0
0
0
0
0
0
0
0
0
0
0
0
0
0
0
0
0
0
0
0
0
0
0
0
0
0
0
0
0
0
0
0
0
0
0
0
0
0
0
0
0
0
0
0
0
0
0
0
0
0
0
0
0
0
0
0
0
0
0
0
0
0
0
0
0
0
0
0
0
0
0
0
0
0
0
0
0
0
0
0
0
0
0
0
0
0
0
0
0
0
0
0
0
0
0
0
0
0
0
0
0
0
0
0
0
0
0
0
0
0
0
0
0
0
0
0
0
0
0
0
0
0
0
0
0
0
0
0
0
0
0
0
0
0
0
3
0
0
0
0
0
0
0
0
0
0
0
0
0
0
5
0
0
0
0
0
0
0
0
0
0
0
0
0
0
0
0
0
0
0
0
0
0
0
0
0
0
0
0
0
0
0
0
0
0
0
0
0
0
0
0
0
0
76
2077
347
0
0
0
0
0
0
0
0
0
0
0
0
0
0
0
0
0
0
0
0
0
0
0
0
0
0
0
0
0
0
0
0
0
0
0
0
0
0
0
0
0
0
0
0
0
0
0
0
0
0
0
0
0
3580
0
0
0
0
0
4348
0
0
0
0
0
0
0
0
0
0
0
0
0
0
0
0
0
0
0
0
381
404
377
361
0
142
88
0
71
36
44
287
172
1655
14
47
0
3039
0
874
813
783
463
45
71
121
241
0
401
85
51
58
237
47
399
188
218
227
285
258
327
188
255
181
166
78
1388
544
673
1304
491
591
720
401
484
1109
0
1443
1564
3064
0
871
836
301
359
355
301
382
382
382
349
349
349
87
87
87
260
260
260
236
236
236
218
218
218
190
190
190
382
382
382
200
200
200
172
172
172
182
182
182
56
56
56
9
9
9
0
0
0
0
0
0
0
0
0
0
0
0
0
0
0
0
0
0
0
0
0
0
0
0
0
0
0
0
0
0
0
0
0
0
0
0
0
0
0
0
0
0
0
0
0
0
0
0
0
0
0
0
0
0
0
0
0
5031
0
0
0
0
0
0
0
0
0
0
0
0
0
4348
0
0
0
0
0
0
0
0
0
0
0
0
0
32
0
0
0
0
0
0
0
4348
0
0
0
0
0
0
0
0
0
0
0
0
0
0
0
0
0
0
0
0
0
0
0
0
0
0
0
0
0
0
0
0
0
0
0
0
0
0
0
0
0
253
25
35
32
0
0
0
0
0
0
0
0
142
0
0
0
0
0
3895
0
0
0
0
0
0
0
0
0
0
0
0
0
0
0
0
0
0
0
0
0
0
0
0
0
0
0
0
0
0
0
0
0
0
0
0
0
0
0
0
0
0
0
0
0
0
0
0
0
0
0
0
0
0
0
0
0
0
0
0
0
0
0
0
0
0
0
0
0
0
0
0
0
0
0
0
0
0
0
0
0
0
0
0
0
0
0
0
0
0
0
0
0
45
0
0
0
0
0
0
0
0
0
0
0
0
0
0
0
0
0
0
0
2371
0
0
0
241
0
13
0
0
0
0
0
0
0
0
0
0
0
0
0
0
0
0
0
0
0
0
117
0
0
0
0
0
0
0
0
0
0
0
0
0
0
0
0
0
0
0
0
0
0
0
0
2390
685
0
0
0
0
0
0
0
0
0
0
0
0
0
0
0
0
0
0
0
0
0
0
0
0
0
0
0
0
0
0
0
0
0
0
0
0
0
0
0
0
0
0
0
0
0
0
6
1
1
1
1
1
1
1
1
1
5041
5041
0
0
0
872
0
0
4348
5004
0
0
0
0
0
0
0
0
0
0
0
0
0
0
0
0
10
59
0
0
0
0
0
0
0
40
59
31
0
0
0
0
4
0
0
0
0
7
0
0
0
1
0
76
39
0
31
36
0
0
0
0
0
0
0
0
0
0
0
479
0
0
1
3
3
0
0
0
0
0
0
0
0
0
0
0
0
0
0
0
0
0
0
0
0
0
0
0
5018
0
0
0
0
0
0
0
0
0
0
0
0
0
0
0
553
553
533
529
529
529
0
0
0
0
0
0
0
0
0
0
0
0
0
0
0
0
0
0
0
0
0
0
0
0
0
0
2354
0
0
0
0
0
0
0
0
0
0
0
0
0
0
0
0
0
0
0
0
0
0
0
0
0
0
0
0
0
0
0
0
0
0
0
0
0
0
0
0
0
0
0
0
0
0
3580
0
0
0
16
0
0
0
0
0
0
13
0
0
0
0
5
0
9
11
0
0
0
6
0
36
50
40
6
45
9
6
31
50
9
9
11
19
6
31
4
0
0
40
58
31
9
0
10
0
0
5
40
0
28
0
40
40
0
0
65
0
0
1
44
0
0
0
16
28
0
0
0
0
0
0
0
2
0
13
0
0
0
16
38
5
7
4
19
19
0
47
47
39
7
16
14
0
0
10
781
0
0
0
11
0
0
17
0
0
0
0
35
0
0
0
0
0
39
9
50
0
0
0
0
0
0
0
0
0
0
0
0
0
0
0
0
0
0
0
0
0
0
0
0
0
0
0
0
0
0
0
0
0
0
0
0
0
0
0
0
40
0
872
0
0
45
0
45
0
0
0
0
0
0
0
0
0
0
0
0
0
0
0
0
0
0
0
0
0
0
0
0
0
0
0
0
0
0
0
0
45
0
0
0
45
0
31
36
58
0
0
0
45
0
0
45
39
0
0
0
0
0
0
0
0
0
0
0
7
30
0
0
0
0
0
0
0
0
0
0
0
0
0
0
0
0
0
0
1592
4
0
0
0
0
0
0
0
0
0
0
0
0
0
963
0
0
0
0
513
618
332
565
360
469
0
0
0
0
0
0
0
0
45
0
0
0
0
0
0
31
0
31
0
0
0
0
0
0
0
0
0
0
0
0
0
0
0
0
0
0
158
16
0
0
0
0
0
0
0
13
0
0
0
0
0
0
0
0
0
0
0
0
0
0
0
0
0
0
0
0
0
0
0
0
0
0
0
0
0
0
0
0
0
0
0
0
0
0
0
0
0
0
0
0
0
0
0
0
0
0
0
0
0
0
0
0
0
0
0
0
0
58
0
0
0
0
0
0
0
0
0
0
0
0
0
0
0
0
0
0
0
0
0
0
0
0
0
0
0
0
0
0
0
0
0
0
0
0
0
0
0
0
0
0
0
0
0
0
0
0
0
0
0
0
0
0
0
0
0
0
0
0
0
0
0
0
0
0
0
0
0
0
0
0
0
0
0
0
0
0
0
0
0
0
0
0
0
0
0
0
0
0
0
0
0
0
0
0
0
0
0
0
0
0
0
0
0
0
0
0
0
0
0
0
0
0
0
0
0
0
0
0
0
0
0
0
0
0
0
0
0
0
0
0
0
0
0
0
0
0
0
0
0
0
0
0
0
0
0
0
0
0
0
0
0
0
0
0
0
0
0
0
0
0
0
0
0
0
0
0
0
0
0
0
0
0
0
0
0
0
0
0
0
0
0
0
0
0
0
0
0
0
0
0
0
0
0
0
0
0
0
0
0
0
0
0
0
0
0
0
0
0
0
0
0
0
0
0
0
0
0
0
0
0
0
0
0
0
0
0
0
0
0
0
0
0
0
0
0
0
0
0
0
0
0
0
0
0
0
0
0
0
0
0
0
0
0
0
0
0
0
0
0
0
0
0
0
0
0
0
0
0
0
0
0
0
0
0
0
0
0
0
0
0
0
0
0
0
0
0
0
0
0
0
0
0
0
0
0
0
0
0
0
0
0
0
0
0
0
0
0
0
0
0
0
0
0
0
0
0
0
0
0
0
0
0
0
0
0
0
0
0
0
0
0
0
0
0
0
0
0
0
0
0
0
0
0
0
0
0
0
0
0
0
0
0
0
0
0
0
0
0
0
0
0
0
0
0
0
0
0
0
0
0
0
0
0
0
0
0
0
0
0
0
0
0
0
0
0
0
0
0
0
0
0
0
0
0
0
0
0
0
0
0
0
0
0
0
0
0
0
0
0
0
0
0
0
0
0
0
0
0
0
0
0
0
0
0
0
0
0
0
0
0
0
0
0
0
0