0010254
0010255
0010256
0010257
0010258
0010259
0010260
0010262
0010263
0010264
0010265
0010266
0010267
0010268
0010269
0010270
0010271
0010272
0010273
0010276
0010277
0010279
0010283
0010284
0010285
0010286
0010287
0010288
0010289
0010290
0010291
0010292
0010293
0010294
0010295
0010296
0010297
0010298
0010299
0010300
0010302
0010303
0010304
0010305
0010306
0010307
0010308
0010309
0010310
0010311
0010312
0010313
0010314
0010316
0010317
0010321
0010323
0010324
0010325
0010326
0010327
0010328
0010329
0010330
0010332
0010333
0010334
0010335
0010336
0010337
0010338
0010339
0010341
0010343
0010344
0010345
0010347
0010348
0010349
0010354
0010355
0010356
0010357
0010358
0010359
0010360
0010361
0010362
0010363
0010364
0010365
0010366
0010367
0010368
0010369
0010370
0010371
0010372
0010373
0010375
0010376
0010377
0010378
0010379
0010380
0010384
0010386
0010387
0010388
0010389
0010390
0010391
0010392
0010393
0010394
0010395
0010396
0010397
0010398
0010399
0010400
0010401
0010402
0010403
0010404
0010405
0010406
0010408
0010409
0010410
0010411
0010412
0010413
0010414
0010415
0010416
0010417
0010418
0010419
0010420
0010421
0010422
0010423
0010424
0010425
0010426
0010427
0010428
0010437
0010467
0010496
0010498
0010499
0010501
0010504
0010505
0010506
0010507
0010509
0010510
0010511
0010512
0010513
0010514
0010515
0010516
0010517
0010518
0010519
0010520
0010521
0010522
0010523
0010524
0010526
0010527
0010528
0010531
0010532
0010533
0010534
0010535
0010536
0010537
0010538
0010540
0010541
0010543
0010544
0010545
0010546
0010547
0010548
0010549
0010550
0010551
0010557
0010558
0010559
0010560
0010561
0010562
0010564
0010565
0010566
0010567
0010568
0010569
0010570
0010571
0010572
0010573
0010574
0010575
0010576
0010577
0010578
0010579
0010580
0010581
0010582
0010583
0010584
0010585
0010586
0010675
0010676
0010677
0010678
0010679
0010680
0010681
0010682
0010683
0010684
0010685
0010686
0010687
0010688
0010690
0010693
0010695
0010696
0010697
0010698
0010699
0010700
0010701
0010702
0010703
0010704
0010706
0010707
0010708
0010709
0010710
0010711
0010712
0010713
0010714
0010718
0010719
0010720
0010721
0010722
0010723
0010724
0010725
0010726
0010727
0010728
0010732
0010733
0010737
0010738
0010739
0010740
0010741
0010742
0010743
0010744
0010745
0010746
0010747
0010748
0010749
0010750
0010751
0010752
0010753
0010754
0010755
0010756
0010757
0010758
0010759
0010760
0010801
0010842
0010843
0010844
0010846
0010847
0010848
0010849
0010850
0010851
0010852
0010853
0010854
0010855
0010856
0010858
0010861
0010862
0010863
0010864
0010865
0010866
0010867
0010868
0010869
0010878
0010879
0010880
0010881
0010882
0010883
0010884
0010885
0010886
0010887
0010888
0010889
0010890
0010891
0010892
0010893
0010894
0010895
0010896
0010898
0010899
0010900
0010901
0010902
0010903
0010905
0010907
0010908
0010910
0010911
0010912
0010913
0010921
0010925
0010926
0010927
0010928
0010929
0010930
0010931
0010932
0010933
0010935
0010936
0010937
0010938
0010939
0010940
0010943
0010944
0010945
0010946
0010947
0010948
0010949
0010950
0010951
0010952
0010953
0010954
0010955
0010956
0010958
0010959
0010961
0010962
0010963
0010970
0010974
0010975
0010977
0010981
0010982
0010983
0010984
0010985
0010986
0010987
0010988
0010989
0010990
0010993
0010994
0010995
0010996
0011002
0011004
0011005
0011006
0011007
0011011
0011012
0011013
0011014
0011015
0011016
0011017
0011022
0011024
0011025
0011043
0011048
0011049
0011050
0011060
0011078
0011079
0011085
0011087
0011088
0011090
0011091
0011092
0011093
0011094
0011095
0011096
0011104
0011106
0011107
0011108
0011110
0011111
0011112
0011113
0011117
0011118
0011119
0011120
0011121
0011122
0011123
0011124
0011130
0011131
0011132
0011133
0011134
0011135
0011136
0011137
0011138
0011139
0011140
0011141
0011142
0011143
0011144
0011145
0011146
0011147
0011148
0011149
0011150
0011151
0011152
0011153
0011154
0011155
0011156
0011157
0011158
0011159
0011160
0011161
0011162
0011163
0011164
0011165
0011166
0011167
0011168
0011169
0011170
0011171
0011172
0011173
0011175
0011176
0011177
0011178
0011179
0011183
0011184
0011185
0011186
0011187
0011188
0011189
0011190
0011191
0011192
0011193
0011194
0011195
0011196
0011197
0011198
0011199
0011200
0011201
0011202
0011203
0011204
0011205
0011206
0011207
0011208
0011209
0011210
0011213
0011214
0011215
0011216
0011217
0011218
0011219
0011220
0011221
0011222
0011233
0011234
0011236
0011237
0011238
0011241
0011242
0011244
0011245
0011246
0011247
0011248
0011249
0011250
0011251
0011252
0011253
0011255
0011256
0011263
0011264
0011265
0011266
0011267
0011268
0011270
0011271
0011272
0011273
0011274
0011275
0011276
0011277
0011278
0011279
0011280
0011281
0011282
0011283
0011287
0011288
0011289
0011298
0011299
0011300
0011301
0011302
0011303
0011304
0011305
0011306
0011307
0011308
0011309
0011310
0011311
0011312
0011313
0011314
0011315
0011316
0011317
0011318
0011319
0011320
0011321
0011322
0011325
0011326
0011327
0011332
0011342
0011343
0011344
0011345
0011346
0011347
0011348
0011349
0011350
0011357
0011358
0011359
0011360
0011362
0011363
0011364
0011366
0011368
0011369
0011370
0011371
0011374
0011375
0011376
0011377
0011379
0011380
0011383
0011384
0011385
0011386
0011387
0011388
0011389
0011390
0011391
0011392
0011415
0011464
0011465
0011472
0011495
0011508
0011509
0011510
0011511
0011512
0011528
0011531
0011532
0011533
0011534
0011535
0011564
0011565
0011566
0011574
0011575
0011576
0011577
0011579
0011580
0011581
0011582
0011583
0011584
0011585
0011586
0011587
0011588
0011589
0011590
0011591
0011592
0011593
0011594
0011595
0011596
0011597
0011598
0011599
0011601
0011602
0011603
0011604
0011605
0011606
0011607
0011608
0011609
0011610
0011611
0011612
0011613
0011614
0011615
0011618
0011619
0011620
0011621
0011622
0011623
0011624
0011625
0011626
0011627
0011628
0011629
0011630
0011631
0011634
0011635
0011636
0011637
0011638
0011639
0011640
0011641
0011642
0011643
0011644
0011645
0011646
0011647
0011648
0011649
0011650
0011651
0011652
0011653
0011655
0011657
0011658
0011659
0011660
0011661
0011662
0011663
0011664
0011665
0011666
0011667
0011668
0011669
0011670
0011671
0011672
0011673
0011674
0011675
0011676
0011677
0011678
0011679
0011683
0011684
0011685
0011686
0011687
0011688
0011692
0011693
0011694
0011695
0011696
0011697
0011698
0011737
0011738
0011741
0011742
0011745
0011754
0011755
0011756
0011757
0011765
0011766
0011767
0011768
0011769
0011770
0011771
0011772
0011773
0011774
0011775
0011776
0011777
0011778
0011779
0011782
0011783
0011784
0011785
0011786
0011792
0011793
0011794
0011795
0011796
0011797
0011798
0011799
0011800
0011801
0011802
0011803
0011804
0011805
0011806
0011807
0011808
0011809
0011810
0011814
0011817
0011818
0011819
0011820
0011821
0011822
0011823
0011824
0011825
0011826
0011827
0011828
0011830
0011831
0011844
0011845
0011846
0011847
0011850
0011854
0011856
0011857
0011858
0011859
0011860
0011861
0011862
0011863
0011864
0011865
0011866
0011867
0011868
0011869
0011870
0011871
0011873
0011874
0011875
0011876
0011877
0011878
0011879
0011892
0011893
0011894
0011895
0011896
0011897
0011898
0011899
0011900
0011901
0011903
0011904
0011905
0011906
0011907
0011908
0011909
0011910
0011915
0011917
0011918
0011919
0011921
0011922
0011924
0011925
0011926
0011927
0011929
0011930
0011931
0011932
0011933
0011936
0011937
0011938
0011939
0011940
0011941
0011942
0011944
0011945
0011946
0011947
0011948
0011949
0011950
0011951
0011952
0011953
0011954
0011955
0011956
0011957
0011958
0011959
0011960
0011961
0011962
0011963
0011964
0011965
0011966
0011967
0011968
0011969
0011970
0011971
0011972
0011973
0011974
0011975
0011976
0011977
0011978
0011979
0011980
0011981
0011982
0011983
0011984
0011985
0011986
0011996
0011997
0012054
0012055
0012056
0012059
0012063
0012065
0012066
0012067
0012068
0012069
0012070
0012071
0012072
0012073
0012074
0012075
0012076
0012078
0012079
0012080
0012081
0012082
0012083
0012084
0012085
0012086
0012087
0012088
0012100
0012101
0012102
0012103
0012104
0012105
0012106
0012108
0012109
0012110
0012111
0012112
0012113
0012114
0012115
0012116
0012117
0012118
0012119
0012120
0012121
0012124
0012125
0012126
0012127
0012128
0012129
0012130
0012131
0012132
0012133
0012134
0012135
0012136
0012137
0012138
0012139
0012140
0012141
0012142
0012150
0012151
0012152
0012167
0012168
0012170
0012171
0012172
0012173
0012174
0012175
0012176
0012177
0012179
0012180
0012181
0012184
0012186
0012187
0012193
0012194
0012195
0012196
0012197
0012198
0012199
0012200
0012236
0012237
0012238
0012239
0012240
0012241
0012242
0012243
0012244
0012245
0012246
0012247
0012248
0012249
0012250
0012251
0012252
0012253
0012254
0012255
0012256
0012260
0012261
0012262
0012263
0012264
0012265
0012267
0012268
0012269
0012270
0012271
0012272
0012273
0012274
0012275
0012276
0012278
0012279
0012281
0012282
0012283
0012284
0012285
0012286
0012287
0012288
0012289
0012290
0012291
0012292
0012293
0012294
0012296
0012297
0012298
0012299
0012300
0012301
0012302
0012303
0012304
0012305
0012306
0012307
0012308
0012309
0012310
0012311
0012312
0012313
0012314
0012315
0012316
0012317
0012318
0012319
0012320
0012321
0012322
0012324
0012325
0012326
0012327
0012328
0012329
0012330
0012331
0012332
0012333
0012334
0012335
0012336
0012337
0012343
0012344
0012348
0012349
0012350
0012351
0012352
0012353
0012354
0012355
0012356
0012357
0012358
0012359
0012360
0012361
0012363
0012364
0012367
0012368
0012369
0012373
0012374
0012375
0012376
0012377
0012378
0012398
0012399
0012401
0012402
0012416
0012418
0012419
0012420
0012421
0012422
0012423
0012424
0012425
0012426
0012427
0012428
0012429
0012430
0012437
0012438
0012439
0012441
0012442
0012443
0012444
0012446
0012447
0012448
0012449
0012450
0012451
0012453
0012456
0012457
0012458
0012459
0012462
0012463
0012464
0012465
0012466
0012467
0012468
0012469
0012470
0012471
0012472
0012473
0012474
0012475
0012476
0012477
0012478
0012479
0012480
0012481
0012482
0012483
0012485
0012486
0012487
0012488
0012489
0012490
0012494
0012497
0012498
0012499
0012503
0012504
0012520
0012615
0012621
0012641
0012642
0012643
0012644
0012645
0012646
0012648
0012649
0012650
0012651
0012652
0012925
0013067
0013068
0013069
0013070
0013073
0013074
0013075
0013076
0013078
0013106
0013110
0013112
0013113
0013114
0013115
0013116
0013118
0013119
0013120
0013121
0013122
0013124
0013125
0013126
0013127
0013128
0013129
0013131
0013132
0013133
0013135
0013136
0013137
0013138
0013139
0013140
0013141
0013142
0013143
0013144
0013145
0013146
0013147
0013148
0013149
0013150
0013151
0013152
0013153
0013154
0013155
0013156
0013157
0013158
0013159
0013160
0013161
0013162
0013164
0013165
0013166
0013167
0013168
0013169
0013170
0013171
0013172
0013173
0013174
0013175
0013176
0013177
0013178
0013179
0013180
0013181
0013182
0013188
0013189
0013190
0013191
0013192
0013193
0013194
0013195
0013196
0013198
0013199
0013201
0013203
0013204
0013206
0013207
0013208
0013211
0013212
0013213
0013216
0013217
0013218
0013219
0013220
0013221
0013222
0013223
0013224
0013226
0013227
0013228
0013229
0013230
0013231
0013232
0013233
0013234
0013235
0013236
0013237
0013238
0013239
0013240
0013241
0013244
0013245
0013247
0013248
0013249
0013250
0013262
0013277
0013278
0013279
0013280
0013397
0013398
0013399
0013403
0013406
0013411
0013412
0013417
0013420
0013422
0013423
0013424
0013426
0013427
0013428
0013436
0013442
0013445
0013447
0013448
0013450
0013454
0013455
0013459
0013460
0013462
0013463
0013466
0013468
0013469
0013471
0013472
0013473
0013474
0013475
0013476
0013477
0013478
0013479
0013481
0013482
0013483
0013485
0013486
0013487
0013488
0013489
0013490
0013491
0013492
0013493
0013494
0013495
0013496
0013497
0013498
0013499
0013500
0013501
0013502
0013503
0013504
0013505
0013506
0013507
0013508
0013509
0013510
0013511
0013512
0013513
0013514
0013515
0013516
0013519
0013522
0013523
0013524
0013525
0013526
0013527
0013528
0013529
0013531
0013533
0013535
0013538
0013539
0013540
0013541
0013543
0013544
0013545
0013546
0013547
0013550
0013551
0013552
0013553
0013554
0013556
0013558
0013559
0013560
0013561
0013562
0013573
0013581
0013582
0013583
0013584
0013585
0013586
0013587
0013588
0013589
0013590
0013591
0013592
0013593
0013594
0013595
0013596
0013598
0013599
0013600
0013601
0013605
0013606
0013607
0013608
0013609
0013610
0013612
0013613
0013614
0013615
0013616
0013617
0013618
0013619
0013620
0013621
0013622
0013623
0013626
0013627
0013628
0013629
0013630
0013631
0013632
0013633
0013634
0013635
0013636
0013637
0013638
0013639
0013640
0013641
0013642
0013643
0013644
0013645
0013646
0013647
0013648
0013649
0013653
0013655
0013656
0013657
0013658
0013659
0013670
0013671
0013672
0013673
0013674
0013675
0013676
0013677
0013678
0013679
0013680
0013682
0013683
0013684
0013685
0013686
0013687
0013688
0013689
0013691
0013692
0013693
0013694
0013695
0013696
0013697
0013698
0013699
0013700
0013701
0013702
0013703
0013704
0013705
0013706
0013707
0013708
0013709
0013710
0013711
0013712
0013713
0013715
0013716
0013717
0013718
0013719
0013720
0013721
0013725
0013726
0013727
0013730
0013731
0013732
0013733
0013734
0013736
0013737
0013738
0013739
0013740
0013741
0013742
0013743
0013744
0013745
0013746
0013747
0013748
0013749
0013750
0013751
0013752
0013753
0013754
0013755
0013756
0013757
0013758
0013759
0013760
0013761
0013763
0013764
0013765
0013766
0013767
0013768
0013769
0013770
0013771
0013772
0013773
0013774
0013776
0013777
0013778
0014169
0014277
0014280
0014283
0014284
0014286
0014287
0014370
0014371
0014372
0014374
0014375
0014376
0014377
0014378
0014379
0014380
0014381
0014382
0014385
0014386
0014387
0014388
0014389
0014390
0014391
0014392
0014393
0014394
0014395
0014396
0014397
0014398
0014399
0014400
0014401
0014402
0014403
0014404
0014405
0014406
0014409
0014410
0014411
0014430
0014436
0014437
0014438
0014439
0014440
0014441
0014442
0014443
0014444
0014445
0014446
0014447
0014448
0014450
0014451
0014452
0014453
0014454
0014455
0014456
0014457
0014458
0014459
0014460
0014461
0014462
0014463
0014464
0014465
0014466
0014468
0014471
0014473
0014474
0014475
0014477
0014478
0014479
0014480
0014481
0014482
0014483
0014484
0014485
0014486
0014487
0014488
0014489
0014490
0014491
0014501
0014502
0014503
0014504
0014505
0014506
0014507
0014508
0014509
0014510
0014521
0014522
0014523
0014524
0014525
0014526
0014527
0014528
0014529
0014530
0014531
0014532
0014533
0014534
0014537
0014538
0014539
0014540
0014541
0014542
0014543
0014544
0014547
0014548
0014549
0014550
0014551
0014552
0014553
0014554
0014555
0014556
0014557
0014558
0014559
0014560
0014567
0014568
0014569
0014570
0014571
0014589
0014590
0014591
0014592
0014593
0014594
0014595
0014596
0014597
0014598
0014599
0014600
0014601
0014602
0014603
0014604
0014605
0014607
0014608
0014609
0014610
0014611
0014612
0014613
0014614
0014615
0014616
0014617
0014618
0014619
0014620
0014621
0014622
0014623
0014624
0014626
0014628
0014629
0014630
0014631
0014632
0014633
0014634
0014635
0014636
0014637
0014638
0014639
0014640
0014641
0014642
0014643
0014644
0014645
0014646
0014647
0014648
0014649
0014650
0014663
0014664
0014665
0014666
0014667
0014668
0014670
0014671
0014672
0014674
0014675
0014677
0014679
0014680
0014682
0014683
0014684
0014685
0014686
0014687
0014689
0014690
0014691
0014692
0014693
0014694
0014695
0014696
0014697
0014698
0014699
0014701
0014702
0014703
0014704
0014705
0014706
0014707
0014708
0014709
0014710
0014711
0014712
0014716
0014717
0014719
0014720
0014725
0014726
0014727
0014729
0014730
0014731
0014732
0014733
0014734
0014735
0014736
0014738
0014740
0014741
0014742
0014751
0014752
0014753
0014754
0014755
0014756
0014757
0014758
0014759
0014760
0014761
0014762
0014763
0014764
0014765
0014766
0014767
0014768
0014769
0014770
0014772
0014773
0014775
0014776
0014777
0014778
0014779
0014780
0014781
0014782
0014783
0014784
0014785
0014786
0014787
0014788
0014789
0014790
0014791
0014792
0014793
0014794
0014795
0014796
0014797
0014798
0014799
0014800
0014801
0014802
0014803
0014804
0014805
0014835
0014836
0014837
0014838
0014840
0014842
0014847
0014848
0014849
0014850
0014851
0014852
0014853
0014854
0014855
0014856
0014857
0014858
0014859
0014860
0014861
0014862
0014863
0014864
0014870
0014871
0014872
0014873
0014874
0014875
0014876
0014881
0014882
0014883
0014884
0014885
0014886
0014887
0014888
0014889
0014890
0014891
0014892
0014895
0014896
0014897
0014898
0014899
0014903
0014904
0014907
0014908
0014912
0014913
0014914
0014915
0014916
0014917
0014918
0014930
0014931
0014932
0014933
0014934
0014935
0014936
0014940
0014950
0014951
0015001
0015002
0015003
0015004
0015005
0015007
0015008
0015009
0015010
0015011
0015012
0015013
0015014
0015015
0015016
0015017
0015018
0015019
0015020
0015021
0015022
0015023
0015024
0015025
0015026
0015027
0015028
0015029
0015030
0015031
0015032
0015033
0015034
0015035
0015036
0015037
0015038
0015039
0015040
0015041
0015042
0015043
0015044
0015045
0015046
0015047
0015048
0015049
0015050
0015051
0015052
0015053
0015054
0015055
0015056
0015057
0015058
0015059
0015060
0015061
0015062
0015063
0015064
0015067
0015068
0015069
0015077
0015078
0015079
0015080
0015081
0015082
0015083
0015084
0015085
0015086
0015087
0015088
0015089
0015090
0015091
0015092
0015093
0015094
0015095
0015096
0015097
0015098
0015099
0015100
0015101
0015102
0015103
0015104
0015105
0015106
0015107
0015108
0015109
0015110
0015111
0015112
0015113
0015114
0015115
0015116
0015117
0015118
0015119
0015120
0015121
0015122
0015125
0015126
0015127
0015128
0015129
0015130
0015131
0015132
0015133
0015134
0015135
0015136
0015137
0015138
0015139
0015142
0015143
0015144
0015145
0015146
0015147
0015148
0015149
0015150
0015151
0015152
0015153
0015154
0015155
0015156
0015157
0015158
0015160
0015161
0015162
0015165
0015169
0015170
0015171
0015172
0015173
0015174
0015177
0015178
0015179
0015180
0015181
0015189
0015202
0015203
0015204
0015212
0015213
0015214
0015215
0015216
0015219
0015220
0015221
0015222
0015223
0015224
0015225
0015226
0015227
0015228
0015229
0015230
0015231
0015232
0015233
0015234
0015238
0015241
0015243
0015244
0015245
0015246
0015247
0015249
0015250
0015251
0015252
0015280
0015281
0015329
0015350
0015410
0015418
0015420
0015423
0015430
0015432
0015433
0015445
0015453
0015454
0015455
0015458
0015469
0015472
0015474
0015476
0015477
0015479
0015480
0015481
0015482
0015484
0015485
0015488
0015510
0015593
0015599
0015703
0015704
0015708
0015716
0015717
0015751
0015757
0015760
0015764
0015766
0015777
0015783
0015784
0015785
0015786
0015787
0015788
0015789
0015790
0015791
0015792
0015793
0015794
0015795
0015796
0015800
0015807
0015808
0015813
0015814
0015827
0015828
0015829
0015833
0015834
0015837
0015838
0015839
0015840
0015841
0015842
0015843
0015844
0015846
0015847
0015848
0015849
0015850
0015851
0015852
0015853
0015854
0015855
0015857
0015859
0015860
0015863
0015865
0015866
0015867
0015868
0015869
0015870
0015871
0015872
0015873
0015875
0015876
0015877
0015878
0015880
0015881
0015883
0015884
0015885
0015886
0015895
0015917
0015918
0015919
0015920
0015922
0015923
0015925
0015926
0016374
0016378
0016382
0016386
0016390
0016391
0016392
0016393
0016394
0016395
0016396
0016397
0016398
0016399
0016400
0016401
0016402
0016403
0016404
0016405
0016408
0016409
0016410
0016411
0016412
0016413
0016416
0016418
0016419
0016422
0016423
0016425
0016426
0016430
0016435
0016440
0016442
0016446
0016447
0016452
0016453
0016454
0016455
0016458
0016459
0016462
0016464
0016466
0016467
0016475
0016476
0016477
0016478
0016479
0016480
0016481
0016482
0016484
0016485
0016486
0016487
0016490
0016491
0016492
0016493
0016496
0016497
0016498
0016499
0016500
0016501
0016502
0016504
0016505
0016508
0016509
0016510
0016511
0016512
0016513
0016514
0016515
0016516
0016517
0016519
0016520
0016522
0016524
0016525
0016526
0016527
0016528
0016529
0016530
0016531
0016534
0016535
0016536
0016538
0016540
0016542
0016545
0016547
0016548
0016549
0016550
0016551
0016552
0016553
0016554
0016555
0016559
0016564
0016565
0016566
0016567
0016568
0016569
0016570
0016573
0016574
0016575
0016576
0016577
0016578
0016579
0016580
0016593
0016594
0016610
0016611
0016612
0016618
0016619
0016620
0016621
0016622
0016624
0016628
0016629
0016630
0016631
0016632
0016633
0016634
0016635
0016636
0016637
0016641
0016824
0016825
0016826
0016827
0016832
0016843
0016848
0016849
0016850
0016851
0016852
0016853
0016854
0016855
0016856
0016857
0016858
0016866
0016867
0016868
0016876
0016877
0016878
0016879
0016880
0016881
0016882
0016883
0016884
0016885
0016886
0016887
0016888
0016890
0016896
0016910
0016912
0016913
0016914
0016915
0016918
0016919
0016920
0016923
0016924
0016925
0016926
0016927
0016928
0016929
0016930
0016931
0016932
0016933
0016934
0016937
0016938
0016939
0016942
0016943
0016944
0017098
0017099
0017102
0017156
0017157
0017160
0017161
0017162
0017163
0017164
0017180
0017196
0017249
0017258
0017259
0017261
0017269
0017270
0017271
0017272
0017294
0017295
0017296
0017297
0017298
0017299
0017312
0017313
0017612
0017613
0017614
0017615
0017616
0017617
0017618
0017620
0017621
0017623
0017624
0017625
0017626
0017627
0017628
0017629
0017631
0017632
0017633
0017634
0017635
0017637
0017638
0017639
0017640
0017641
0017642
0017643
0017646
0017647
0017648
0017649
0017650
0017651
0017652
0017653
0017654
0017659
0017670
0017671
0017672
0017690
0017692
0017716
0017717
0017732
0017748
0017749
0017750
0017751
0018099
0018100
0018101
0018102
0018103
0018104
0018105
0018107
0018108
0018109
0018110
0018111
0018112
0018113
0018114
0018115
0018116
0018117
0018118
0018119
0018120
0018131
0018132
0018133
0018134
0018135
0018136
0018137
0018140
0018141
0018142
0018143
0018144
0018145
0018146
0018148
0018149
0018150
0018151
0018152
0018153
0018154
0018155
0018156
0018157
0018158
0018159
0018160
0018161
0018226
0018227
0018228
0018229
0018230
0018231
0018232
0018233
0018234
0018235
0018236
0018237
0018238
0018239
0018240
0018241
0018242
0018243
0018244
0018245
0018246
0018247
0018248
0018249
0018250
0018251
0018252
0018253
0018254
0018255
0018256
0018257
0018260
0018261
0018262
0018263
0018264
0018265
0018266
0018267
0018268
0018269
0018270
0018271
0018272
0018273
0018274
0018275
0018276
0018277
0018278
0018279
0018280
0018281
0018282
0018283
0018284
0018285
0018286
0018287
0018288
0018289
0018290
0018291
0018292
0018293
0018294
0018295
0018296
0018297
0018298
0018299
0018300
0018301
0018302
0018303
0018304
0018305
0018306
0018307
0018308
0018309
0018310
0018311
0018312
0018313
0018314
0018315
0018316
0018317
0018318
0018319
0018320
0018321
0018322
0018323
0018324
0018325
0018326
0018327
0018328
0018329
0018330
0018331
0018332
0018333
0018334
0018335
0018336
0018337
0018338
0018339
0018340
0018341
0018342
0018343
0018344
0018345
0018346
0018347
0018348
0018349
0018351
0018352
0018353
0018354
0018355
0018356
0018357
0018358
0018359
0018360
0018361
0018362
0018363
0018364
0018365
0018366
0018367
0018368
0018369
0018370
0018371
0018372
0018373
0018374
0018375
0018376
0018377
0018378
0018379
0018382
0018385
0018387
0018388
0018389
0018391
0018392
0018393
0018394
0018395
0018396
0018397
0018398
0018401
0018405
0018406
0018407
0018408
0018409
0018410
0018411
0018412
0018413
0018415
0018424
0018508
0018529
0018530
0018531
0018532
0018533
0018534
0018535
0018536
0018537
0018538
0018539
0018540
0018542
0018543
0018544
0018545
0018549
0018550
0018551
0018552
0018553
0018554
0018561
0018562
0018568
0018570
0018571
0018572
0018573
0018574
0018575
0018576
0018577
0018578
0018579
0018580
0018583
0018584
0018588
0018589
0018591
0018593
0018594
0018595
0018596
0018597
0018598
0018599
0018600
0018601
0018602
0018603
0018604
0018606
0018607
0018608
0018613
0018614
0018616
0018617
0018621
0018622
0018623
0018632
0018640
0018643
0018644
0018645
0018646
0018647
0018648
0018649
0018650
0018651
0018652
0018653
0018654
0018655
0018656
0018657
0018663
0018664
0018667
0018669
0018673
0018674
0018675
0018676
0018679
0018680
0018681
0018683
0018684
0018685
0018687
0018688
0018689
0018690
0018691
0018692
0018707
0019042
0019143
0019189
0019190
0019196
0019197
0019198
0019199
0019200
0019201
0019202
0019203
0019204
0019206
0019207
0019208
0019210
0019211
0019212
0019221
0019222
0019231
0019232
0019241
0019242
0019243
0019246
0019247
0019248
0019249
0019250
0019251
0019252
0019253
0019254
0019255
0019258
0019261
0019262
0019263
0019264
0019267
0019269
0019272
0019274
0019275
0019278
0019279
0019280
0019283
0019284
0019285
0019286
0019289
0019290
0019291
0019292
0019293
0019294
0019295
0019303
0019304
0019306
0019307
0019308
0019310
0019311
0019312
0019314
0019315
0019319
0019320
0019324
0019325
0019326
0019327
0019328
0020358
0020550
0022229
0022230
0022232
0022234
0022235
0022236
0022237
0022241
0022242
0022243
0022244
0022246
0022247
0022248
0022250
0022252
0022254
0022256
0022258
0022259
0022260
0022262
0022264
0022268
0022271
0022272
0022273
0022274
0022275
0022276
0022277
0022278
0022279
0022280
0022281
0022282
0022283
0022284
0022285
0022286
0022287
0022288
0022292
0022293
0022294
0022295
0022296
0022297
0022298
0022299
0022300
0022301
0022302
0022303
0022314
0022315
0022316
0022317
0022318
0022319
0022320
0022323
0022325
0022326
0022327
0022329
0022336
0022337
0022340
0022341
0022346
0022347
0022348
0022349
0022350
0022351
0022352
0022353
0022355
0022356
0022357
0022358
0022360
0022361
0022364
0022367
0022368
0022383
0022394
0022395
0022396
0022397
0022398
0022420
0022421
0022423
0022424
0022425
0022426
0022427
0022428
0022429
0022430
0022431
0022434
0022437
0022438
0022453
0022469
0022480
0022515
0022534
0022543
0022569
0022575
0022598
0022620
0022647
0022649
0022650
0022654
0022660
0022665
0022681
0022695
0022701
0022716
0022730
0022732
0022740
0022741
0022756
0022761
0022776
0022778
0022783
0022791
0022822
0022828
0022877
0022890
0022895
0022937
0022941
0022943
0022944
0022957
0022976
0022988
0022997
0023007
0023013
0023020
0023044
0023047
0023074
0023092
0023094
0023097
0023102
0023127
0023163
0023255
0023294
0023317
0023362
0023378
0023390
0023399
0023401
0023404
0023415
0023416
0023417
0023443
0023462
0023536
0023541
0023547
0023552
0023556
0023560
0023564
0023572
0023587
0023623
0023628
0023636
0023648
0023649
0023670
0023677
0023687
0023695
0023703
0023740
0023752
0023783
0023787
0023789
0023791
0023812
0023824
0023825
0023827
0023836
0023852
0023855
0023859
0023861
0023862
0023865
0023867
0023868
0023869
0023879
0023900
0023901
0023915
0023920
0023927
0023928
0023932
0023934
0023935
0023936
0023938
0023939
0023942
0023943
0023958
0023983
0023984
0023998
0023999
0024000
0024001
0024003
0024009
0024037
0024043
0024045
0024046
0024065
0024073
0024078
0024079
0024081
0024086
0024090
0024110
0024125
0024151
0024161
0024173
0024177
0024182
0024183
0024193
0024201
0024211
0024212
0024234
0024254
0024285
0024314
0024326
0024329
0024335
0024347
0024381
0024382
0024394
0024397
0024437
0024439
0024449
0024479
0024501
0024518
0024524
0024528
0024541
0024550
0024559
0024621
0024622
0024653
0024708
0024714
0024721
0024749
0024762
0024793
0024800
0024826
0024828
0024900
0024901
0024904
0024907
0024914
0024940
0024946
0024952
0024962
0025033
0025067
0025078
0025096
0025102
0025103
0025104
0025116
0025128
0025147
0025148
0025182
0025236
0025250
0025254
0025261
0025268
0025284
0025327
0025337
0025338
0025409
0025418
0025444
0025473
0025525
0025533
0025534
0025581
0025584
0025588
0025589
0025591
0025592
0025593
0025595
0025619
0025677
0025736
0025744
0025763
0025764
0025768
0025772
0025778
0025811
0025827
0025828
0025829
0025848
0025883
0025897
0025899
0025903
0025927
0025928
0025930
0025934
0025983
0025993
0026000
0026001
0026006
0026020
0026032
0026040
0026048
0026063
0026079
0026106
0026113
0026117
0026137
0026153
0026246
0026270
0026271
0026293
0026296
0026324
0026382
0026384
0026386
0026391
0026445
0026456
0026536
0026541
0026546
0026547
0026564
0026584
0026586
0026588
0026663
0026666
0026686
0026700
0026719
0026720
0026721
0026722
0026723
0026724
0026725
0026760
0026761
0026762
0026765
0026775
0026776
0026777
0026845
0026921
0026966
0026975
0026982
0026986
0027007
0027052
0027061
0027076
0027078
0027094
0027103
0027109
0027113
0027221
0027225
0027227
0027239
0027243
0027244
0027245
0027246
0027247
0027285
0027309
0027310
0027314
0027331
0027333
0027352
0027368
0027371
0027376
0027417
0027453
0027513
0027563
0027584
0027600
0027603
0027604
0027631
0027649
0027651
0027665
0027687
0027716
0027728
0027748
0027755
0027758
0027760
0027768
0027771
0027796
0027814
0027828
0027874
0028010
0028079
0028192
0028194
0028200
0028205
0028314
0028317
0028326
0028337
0028395
0028396
0028398
0028399
0028401
0028402
0028403
0028404
0028405
0028406
0028412
0028413
0028414
0028415
0028416
0028417
0028418
0028419
0028420
0028421
0028422
0028423
0028424
0028425
0028426
0028427
0028428
0028429
0028430
0028431
0028432
0028433
0028434
0028435
0028436
0028437
0028439
0028440
0028544
0028615
0028616
0028622
0028715
0028725
0028744
0028918
0028919
0028920
0028921
0028922
0028923
0028924
0028925
0029001
0029002
0029004
0029005
0029009
0029140
0029215
0029396
0029415
0029503
0029538
0029594
0029603
0029626
0029629
0029636
0029681
0029822
0029861
0029954
0029960
0030119
0030242
0030276
0030330
0030649
0031111
0031196
0031314
0031906
0031948
0032748
0033483
0033939
0034667
0034670
0034671
0034672
0034673
0034674
0034676
0034678
0034680
0034681
0034688
0034690
0034691
0034693
0034694
0034695
0034696
0034697
0034698
0034699
0034703
0034704
0034705
0034706
0034707
0034708
0034709
0034710
0034711
0034712
0034713
0034714
0034715
0034716
0034717
0034718
0034719
0034720
0034721
0034722
0034723
0034724
0034725
0034726
0034727
0034728
0034729
0034730
0034734
0034735
0034736
0034743
0034745
0034746
0034747
0034749
0034750
0034751
0034752
0034753
0034754
0034762
0034763
0034764
0034765
0034766
0034767
0034768
0034769
0034770
0034771
0034772
0034773
0034774
0034775
0034776
0034777
0034778
0034779
0034780
0034781
0034782
0034798
0034799
0034800
0034801
0034803
0034804
0034805
0034806
0034808
0034809
0034810
0034811
0034812
0034828
0034829
0034830
0034831
0034833
0034834
0034835
0034836
0034838
0034839
0034840
0034841
0034842
0034858
0034859
0034860
0034861
0034863
0034864
0034865
0034866
0034868
0034869
0034870
0034871
0034872
0034873
0034874
0034875
0034876
0034877
0034878
0034884
0034885
0034888
0034889
0034891
0034892
0034893
0034894
0034895
0034896
0034898
0034900
0034901
0034902
0034903
0034905
0034907
0034908
0034909
0034910
0034918
0034919
0034920
0034921
0034922
0034923
0034924
0034925
0034926
0034927
0034928
0034929
0034930
0034931
0034932
0034933
0034934
0034935
0034936
0034937
0034938
0034939
0034940
0034941
0034942
0034943
0034944
0034945
0034946
0034947
0034948
0034949
0034950
0034951
0034952
0034953
0034958
0034959
0034960
0034961
0034962
0034963
0034964
0034965
0034968
0034969
0034971
0034972
0034978
0034979
0034980
0034981
0034982
0034983
0034984
0034986
0034987
0034988
0034989
0034991
0034993
0034994
0034995
0034996
0034997
0034999
0035001
0035004
0035005
0035006
0035007
0035011
0035013
0035014
0035015
0035016
0035017
0035018
0035019
0035020
0035021
0035022
0035024
0035026
0035027
0035028
0035032
0035034
0035036
0035037
0035038
0035039
0035040
0035041
0035042
0035043
0035044
0035045
0035046
0035047
0035048
0035049
0035050
0035053
0035073
0035074
0035075
0035076
0035077
0035078
0035079
0035080
0035081
0035082
0035083
0035084
0035085
0035086
0035087
0035088
0035089
0035090
0035091
0035092
0035093
0035094
0035095
0035096
0035097
0035098
0035099
0035100
0035102
0035103
0035104
0035105
0035106
0035108
0035109
0035110
0035111
0035112
0035113
0035114
0035115
0035116
0035117
0035118
0035119
0035120
0035122
0035123
0035124
0035126
0035127
0035128
0035129
0035130
0035131
0035132
0035133
0035139
0035142
0035143
0035144
0035145
0035146
0035147
0035148
0035149
0035150
0035151
0035152
0035153
0035154
0035155
0035156
0035157
0035158
0035159
0035162
0035165
0035168
0035171
0035174
0035177
0035180
0035183
0035186
0035195
0035198
0035201
0035204
0035207
0035210
0035213
0035216
0035219
0035222
0035225
0035228
0035231
0035234
0035237
0035240
0035243
0035246
0035249
0035252
0035258
0035261
0035267
0035270
0035273
0035276
0035279
0035286
0035289
0035292
0035295
0035298
0035304
0035307
0035310
0035313
0035316
0035319
0035322
0035328
0035331
0035338
0035341
0035344
0035350
0035359
0035365
0035368
0035371
0035374
0035377
0035380
0035383
0035386
0035392
0035395
0035398
0035401
0035403
0035404
0035410
0035416
0035419
0035422
0035425
0035428
0035431
0035435
0035438
0035441
0035444
0035445
0035450
0035453
0035462
0035465
0035468
0035471
0035474
0035477
0035480
0035483
0035489
0035492
0035495
0035498
0035501
0035505
0035508
0035514
0035520
0035523
0035526
0035529
0035530
0035532
0035536
0035539
0035542
0035545
0035546
0035547
0035548
0035549
0035550
0035551
0035552
0035553
0035554
0035555
0035560
0035561
0035562
0035563
0035564
0035565
0035566
0035567
0035568
0035569
0035570
0035572
0035573
0035574
0035575
0035577
0035580
0035581
0035582
0035583
0035584
0035585
0035586
0035587
0035588
0035589
0035590
0035591
0035592
0035593
0035594
0035595
0035596
0035597
0035598
0035599
0035601
0035602
0035603
0035604
0035605
0035606
0035607
0035608
0035609
0035610
0035611
0035612
0035617
0035618
0035619
0035634
0035635
0035636
0035637
0035638
0035639
0035640
0035642
0035646
0035647
0035648
0035649
0035650
0035651
0035652
0035655
0035659
0035662
0035675
0035676
0035677
0035753
0035754
0035755
0035756
0035757
0035758
0035762
0035763
0035764
0035765
0035766
0035767
0035768
0035769
0035770
0035771
0035772
0035773
0035774
0035775
0035776
0035783
0035784
0035785
0035786
0035787
0035788
0035802
0035803
0035804
0035805
0035806
0035807
0035808
0035809
0035814
0035815
0035818
0035819
0035820
0035825
0035826
0035827
0035828
0035829
0035830
0035831
0035832