0016565
0016566
0016567
0016568
0016569
0016570
0016573
0016574
0016575
0016576
0016577
0016578
0016579
0016580
0016593
0016594
0016610
0016611
0016612
0016618
0016619
0016620
0016621
0016622
0016624
0016628
0016629
0016630
0016631
0016632
0016633
0016634
0016635
0016636
0016637
0016641
0016824
0016825
0016826
0016827
0016832
0016843
0016848
0016849
0016850
0016851
0016852
0016853
0016854
0016855
0016856
0016857
0016858
0016866
0016867
0016868
0016876
0016877
0016878
0016879
0016880
0016881
0016882
0016883
0016884
0016885
0016886
0016887
0016888
0016890
0016896
0016910
0016912
0016913
0016914
0016915
0016918
0016919
0016920
0016923
0016924
0016925
0016926
0016927
0016928
0016929
0016930
0016931
0016932
0016933
0016934
0016937
0016938
0016939
0016942
0016943
0016944
0017098
0017099
0017102
0017156
0017157
0017160
0017161
0017162
0017163
0017164
0017180
0017196
0017249
0017258
0017259
0017261
0017269
0017270
0017271
0017272
0017294
0017295
0017296
0017297
0017298
0017299
0017312
0017313
0017612
0017613
0017614
0017615
0017616
0017617
0017618
0017620
0017621
0017623
0017624
0017625
0017626
0017627
0017628
0017629
0017631
0017632
0017633
0017634
0017635
0017637
0017638
0017639
0017640
0017641
0017642
0017643
0017646
0017647
0017648
0017649
0017650
0017651
0017652
0017653
0017654
0017659
0017670
0017671
0017672
0017690
0017692
0017716
0017717
0017732
0017748
0017749
0017750
0017751
0018099
0018100
0018101
0018102
0018103
0018104
0018105
0018107
0018108
0018109
0018110
0018111
0018112
0018113
0018114
0018115
0018116
0018117
0018118
0018119
0018120
0018131
0018132
0018133
0018134
0018135
0018136
0018137
0018140
0018141
0018142
0018143
0018144
0018145
0018146
0018148
0018149
0018150
0018151
0018152
0018153
0018154
0018155
0018156
0018157
0018158
0018159
0018160
0018161
0018226
0018227
0018228
0018229
0018230
0018231
0018232
0018233
0018234
0018235
0018236
0018237
0018238
0018239
0018240
0018241
0018242
0018243
0018244
0018245
0018246
0018247
0018248
0018249
0018250
0018251
0018252
0018253
0018254
0018255
0018256
0018257
0018260
0018261
0018262
0018263
0018264
0018265
0018266
0018267
0018268
0018269
0018270
0018271
0018272
0018273
0018274
0018275
0018276
0018277
0018278
0018279
0018280
0018281
0018282
0018283
0018284
0018285
0018286
0018287
0018288
0018289
0018290
0018291
0018292
0018293
0018294
0018295
0018296
0018297
0018298
0018299
0018300
0018301
0018302
0018303
0018304
0018305
0018306
0018307
0018308
0018309
0018310
0018311
0018312
0018313
0018314
0018315
0018316
0018317
0018318
0018319
0018320
0018321
0018322
0018323
0018324
0018325
0018326
0018327
0018328
0018329
0018330
0018331
0018332
0018333
0018334
0018335
0018336
0018337
0018338
0018339
0018340
0018341
0018342
0018343
0018344
0018345
0018346
0018347
0018348
0018349
0018351
0018352
0018353
0018354
0018355
0018356
0018357
0018358
0018359
0018360
0018361
0018362
0018363
0018364
0018365
0018366
0018367
0018368
0018369
0018370
0018371
0018372
0018373
0018374
0018375
0018376
0018377
0018378
0018379
0018382
0018385
0018387
0018388
0018389
0018391
0018392
0018393
0018394
0018395
0018396
0018397
0018398
0018401
0018405
0018406
0018407
0018408
0018409
0018410
0018411
0018412
0018413
0018415
0018424
0018508
0018529
0018530
0018531
0018532
0018533
0018534
0018535
0018536
0018537
0018538
0018539
0018540
0018542
0018543
0018544
0018545
0018549
0018550
0018551
0018552
0018553
0018554
0018561
0018562
0018568
0018570
0018571
0018572
0018573
0018574
0018575
0018576
0018577
0018578
0018579
0018580
0018583
0018584
0018588
0018589
0018591
0018593
0018594
0018595
0018596
0018597
0018598
0018599
0018600
0018601
0018602
0018603
0018604
0018606
0018607
0018608
0018613
0018614
0018616
0018617
0018621
0018622
0018623
0018632
0018640
0018643
0018644
0018645
0018646
0018647
0018648
0018649
0018650
0018651
0018652
0018653
0018654
0018655
0018656
0018657
0018663
0018664
0018667
0018669
0018673
0018674
0018675
0018676
0018679
0018680
0018681
0018683
0018684
0018685
0018687
0018688
0018689
0018690
0018691
0018692
0018707
0019042
0019143
0019189
0019190
0019196
0019197
0019198
0019199
0019200
0019201
0019202
0019203
0019204
0019206
0019207
0019208
0019210
0019211
0019212
0019221
0019222
0019231
0019232
0019241
0019242
0019243
0019246
0019247
0019248
0019249
0019250
0019251
0019252
0019253
0019254
0019255
0019258
0019261
0019262
0019263
0019264
0019267
0019269
0019272
0019274
0019275
0019278
0019279
0019280
0019283
0019284
0019285
0019286
0019289
0019290
0019291
0019292
0019293
0019294
0019295
0019303
0019304
0019306
0019307
0019308
0019310
0019311
0019312
0019314
0019315
0019319
0019320
0019324
0019325
0019326
0019327
0019328
0020358
0020550
0022229
0022230
0022232
0022234
0022235
0022236
0022237
0022241
0022242
0022243
0022244
0022246
0022247
0022248
0022250
0022252
0022254
0022256
0022258
0022259
0022260
0022262
0022264
0022268
0022271
0022272
0022273
0022274
0022275
0022276
0022277
0022278
0022279
0022280
0022281
0022282
0022283
0022284
0022285
0022286
0022287
0022288
0022292
0022293
0022294
0022295
0022296
0022297
0022298
0022299
0022300
0022301
0022302
0022303
0022314
0022315
0022316
0022317
0022318
0022319
0022320
0022323
0022325
0022326
0022327
0022329
0022336
0022337
0022340
0022341
0022346
0022347
0022348
0022349
0022350
0022351
0022352
0022353
0022355
0022356
0022357
0022358
0022360
0022361
0022364
0022367
0022368
0022383
0022394
0022395
0022396
0022397
0022398
0022420
0022421
0022423
0022424
0022425
0022426
0022427
0022428
0022429
0022430
0022431
0022434
0022437
0022438
0022453
0022469
0022480
0022515
0022534
0022543
0022569
0022575
0022598
0022620
0022647
0022649
0022650
0022654
0022660
0022665
0022681
0022695
0022701
0022716
0022730
0022732
0022740
0022741
0022756
0022761
0022776
0022778
0022783
0022791
0022822
0022828
0022877
0022890
0022895
0022937
0022941
0022943
0022944
0022957
0022976
0022988
0022997
0023007
0023013
0023020
0023044
0023047
0023074
0023092
0023094
0023097
0023102
0023127
0023163
0023255
0023294
0023317
0023362
0023378
0023390
0023399
0023401
0023404
0023415
0023416
0023417
0023443
0023462
0023536
0023541
0023547
0023552
0023556
0023560
0023564
0023572
0023587
0023623
0023628
0023636
0023648
0023649
0023670
0023677
0023687
0023695
0023703
0023740
0023752
0023783
0023787
0023789
0023791
0023812
0023824
0023825
0023827
0023836
0023852
0023855
0023859
0023861
0023862
0023865
0023867
0023868
0023869
0023879
0023900
0023901
0023915
0023920
0023927
0023928
0023932
0023934
0023935
0023936
0023938
0023939
0023942
0023943
0023958
0023983
0023984
0023998
0023999
0024000
0024001
0024003
0024009
0024037
0024043
0024045
0024046
0024065
0024073
0024078
0024079
0024081
0024086
0024090
0024110
0024125
0024151
0024161
0024173
0024177
0024182
0024183
0024193
0024201
0024211
0024212
0024234
0024254
0024285
0024314
0024326
0024329
0024335
0024347
0024381
0024382
0024394
0024397
0024437
0024439
0024449
0024479
0024501
0024518
0024524
0024528
0024541
0024550
0024559
0024621
0024622
0024653
0024708
0024714
0024721
0024749
0024762
0024793
0024800
0024826
0024828
0024900
0024901
0024904
0024907
0024914
0024940
0024946
0024952
0024962
0025033
0025067
0025078
0025096
0025102
0025103
0025104
0025116
0025128
0025147
0025148
0025182
0025236
0025250
0025254
0025261
0025268
0025284
0025327
0025337
0025338
0025409
0025418
0025444
0025473
0025525
0025533
0025534
0025581
0025584
0025588
0025589
0025591
0025592
0025593
0025595
0025619
0025677
0025736
0025744
0025763
0025764
0025768
0025772
0025778
0025811
0025827
0025828
0025829
0025848
0025883
0025897
0025899
0025903
0025927
0025928
0025930
0025934
0025983
0025993
0026000
0026001
0026006
0026020
0026032
0026040
0026048
0026063
0026079
0026106
0026113
0026117
0026137
0026153
0026246
0026270
0026271
0026293
0026296
0026324
0026382
0026384
0026386
0026391
0026445
0026456
0026536
0026541
0026546
0026547
0026564
0026584
0026586
0026588
0026663
0026666
0026686
0026700
0026719
0026720
0026721
0026722
0026723
0026724
0026725
0026760
0026761
0026762
0026765
0026775
0026776
0026777
0026845
0026921
0026966
0026975
0026982
0026986
0027007
0027052
0027061
0027076
0027078
0027094
0027103
0027109
0027113
0027221
0027225
0027227
0027239
0027243
0027244
0027245
0027246
0027247
0027285
0027309
0027310
0027314
0027331
0027333
0027352
0027368
0027371
0027376
0027417
0027453
0027513
0027563
0027584
0027600
0027603
0027604
0027631
0027649
0027651
0027665
0027687
0027716
0027728
0027748
0027755
0027758
0027760
0027768
0027771
0027796
0027814
0027828
0027874
0028010
0028079
0028192
0028194
0028200
0028205
0028314
0028317
0028326
0028337
0028395
0028396
0028398
0028399
0028401
0028402
0028403
0028404
0028405
0028406
0028412
0028413
0028414
0028415
0028416
0028417
0028418
0028419
0028420
0028421
0028422
0028423
0028424
0028425
0028426
0028427
0028428
0028429
0028430
0028431
0028432
0028433
0028434
0028435
0028436
0028437
0028439
0028440
0028544
0028615
0028616
0028622
0028715
0028725
0028744
0028918
0028919
0028920
0028921
0028922
0028923
0028924
0028925
0029001
0029002
0029004
0029005
0029009
0029140
0029215
0029396
0029415
0029503
0029538
0029594
0029603
0029626
0029629
0029636
0029681
0029822
0029861
0029954
0029960
0030119
0030242
0030276
0030330
0030649
0031111
0031196
0031314
0031906
0031948
0032748
0033483
0033939
0034667
0034670
0034671
0034672
0034673
0034674
0034676
0034678
0034680
0034681
0034688
0034690
0034691
0034693
0034694
0034695
0034696
0034697
0034698
0034699
0034703
0034704
0034705
0034706
0034707
0034708
0034709
0034710
0034711
0034712
0034713
0034714
0034715
0034716
0034717
0034718
0034719
0034720
0034721
0034722
0034723
0034724
0034725
0034726
0034727
0034728
0034729
0034730
0034734
0034735
0034736
0034743
0034745
0034746
0034747
0034749
0034750
0034751
0034752
0034753
0034754
0034762
0034763
0034764
0034765
0034766
0034767
0034768
0034769
0034770
0034771
0034772
0034773
0034774
0034775
0034776
0034777
0034778
0034779
0034780
0034781
0034782
0034798
0034799
0034800
0034801
0034803
0034804
0034805
0034806
0034808
0034809
0034810
0034811
0034812
0034828
0034829
0034830
0034831
0034833
0034834
0034835
0034836
0034838
0034839
0034840
0034841
0034842
0034858
0034859
0034860
0034861
0034863
0034864
0034865
0034866
0034868
0034869
0034870
0034871
0034872
0034873
0034874
0034875
0034876
0034877
0034878
0034884
0034885
0034888
0034889
0034891
0034892
0034893
0034894
0034895
0034896
0034898
0034900
0034901
0034902
0034903
0034905
0034907
0034908
0034909
0034910
0034918
0034919
0034920
0034921
0034922
0034923
0034924
0034925
0034926
0034927
0034928
0034929
0034930
0034931
0034932
0034933
0034934
0034935
0034936
0034937
0034938
0034939
0034940
0034941
0034942
0034943
0034944
0034945
0034946
0034947
0034948
0034949
0034950
0034951
0034952
0034953
0034958
0034959
0034960
0034961
0034962
0034963
0034964
0034965
0034968
0034969
0034971
0034972
0034978
0034979
0034980
0034981
0034982
0034983
0034984
0034986
0034987
0034988
0034989
0034991
0034993
0034994
0034995
0034996
0034997
0034999
0035001
0035004
0035005
0035006
0035007
0035011
0035013
0035014
0035015
0035016
0035017
0035018
0035019
0035020
0035021
0035022
0035024
0035026
0035027
0035028
0035032
0035034
0035036
0035037
0035038
0035039
0035040
0035041
0035042
0035043
0035044
0035045
0035046
0035047
0035048
0035049
0035050
0035053
0035073
0035074
0035075
0035076
0035077
0035078
0035079
0035080
0035081
0035082
0035083
0035084
0035085
0035086
0035087
0035088
0035089
0035090
0035091
0035092
0035093
0035094
0035095
0035096
0035097
0035098
0035099
0035100
0035102
0035103
0035104
0035105
0035106
0035108
0035109
0035110
0035111
0035112
0035113
0035114
0035115
0035116
0035117
0035118
0035119
0035120
0035122
0035123
0035124
0035126
0035127
0035128
0035129
0035130
0035131
0035132
0035133
0035139
0035142
0035143
0035144
0035145
0035146
0035147
0035148
0035149
0035150
0035151
0035152
0035153
0035154
0035155
0035156
0035157
0035158
0035159
0035162
0035165
0035168
0035171
0035174
0035177
0035180
0035183
0035186
0035195
0035198
0035201
0035204
0035207
0035210
0035213
0035216
0035219
0035222
0035225
0035228
0035231
0035234
0035237
0035240
0035243
0035246
0035249
0035252
0035258
0035261
0035267
0035270
0035273
0035276
0035279
0035286
0035289
0035292
0035295
0035298
0035304
0035307
0035310
0035313
0035316
0035319
0035322
0035328
0035331
0035338
0035341
0035344
0035350
0035359
0035365
0035368
0035371
0035374
0035377
0035380
0035383
0035386
0035392
0035395
0035398
0035401
0035403
0035404
0035410
0035416
0035419
0035422
0035425
0035428
0035431
0035435
0035438
0035441
0035444
0035445
0035450
0035453
0035462
0035465
0035468
0035471
0035474
0035477
0035480
0035483
0035489
0035492
0035495
0035498
0035501
0035505
0035508
0035514
0035520
0035523
0035526
0035529
0035530
0035532
0035536
0035539
0035542
0035545
0035546
0035547
0035548
0035549
0035550
0035551
0035552
0035553
0035554
0035555
0035560
0035561
0035562
0035563
0035564
0035565
0035566
0035567
0035568
0035569
0035570
0035572
0035573
0035574
0035575
0035577
0035580
0035581
0035582
0035583
0035584
0035585
0035586
0035587
0035588
0035589
0035590
0035591
0035592
0035593
0035594
0035595
0035596
0035597
0035598
0035599
0035601
0035602
0035603
0035604
0035605
0035606
0035607
0035608
0035609
0035610
0035611
0035612
0035617
0035618
0035619
0035634
0035635
0035636
0035637
0035638
0035639
0035640
0035642
0035646
0035647
0035648
0035649
0035650
0035651
0035652
0035655
0035659
0035662
0035675
0035676
0035677
0035753
0035754
0035755
0035756
0035757
0035758
0035762
0035763
0035764
0035765
0035766
0035767
0035768
0035769
0035770
0035771
0035772
0035773
0035774
0035775
0035776
0035783
0035784
0035785
0035786
0035787
0035788
0035802
0035803
0035804
0035805
0035806
0035807
0035808
0035809
0035814
0035815
0035818
0035819
0035820
0035825
0035826
0035827
0035828
0035829
0035830
0035831
0035832
