0035523
0035526
0035529
0035530
0035532
0035536
0035539
0035542
0035545
0035546
0035547
0035548
0035549
0035550
0035551
0035552
0035553
0035554
0035555
0035560
0035561
0035562
0035563
0035564
0035565
0035566
0035567
0035568
0035569
0035570
0035572
0035573
0035574
0035575
0035577
0035580
0035581
0035582
0035583
0035584
0035585
0035586
0035587
0035588
0035589
0035590
0035591
0035592
0035593
0035594
0035595
0035596
0035597
0035598
0035599
0035601
0035602
0035603
0035604
0035605
0035606
0035607
0035608
0035609
0035610
0035611
0035612
0035617
0035618
0035619
0035634
0035635
0035636
0035637
0035638
0035639
0035640
0035642
0035646
0035647
0035648
0035649
0035650
0035651
0035652
0035655
0035659
0035662
0035675
0035676
0035677
0035753
0035754
0035755
0035756
0035757
0035758
0035762
0035763
0035764
0035765
0035766
0035767
0035768
0035769
0035770
0035771
0035772
0035773
0035774
0035775
0035776
0035783
0035784
0035785
0035786
0035787
0035788
0035802
0035803
0035804
0035805
0035806
0035807
0035808
0035809
0035814
0035815
0035818
0035819
0035820
0035825
0035826
0035827
0035828
0035829
0035830
0035831
0035832
